6.399930304284022764e-01 8.537885183701573455e-01 -2.291913758791248590e+00
8.346325651806485446e-01 -6.119085727321836865e-01 -2.306592935606779360e+00
-6.399930304284022764e-01 8.537885183701573455e-01 2.291913758791248590e+00
-8.346325651806485446e-01 -6.119085727321836865e-01 2.306592935606779360e+00
-2.114348603465098897e+00 -3.226147033101204320e-01 -1.463369207560770935e+00
-2.202990518369991157e+00 1.036559023070693808e+00 -8.879064528802429468e-01
2.114348603465098897e+00 -3.226147033101204320e-01 1.463369207560770935e+00
2.202990518369991157e+00 1.036559023070693808e+00 8.879064528802429468e-01
3.742595621866896760e+00 -1.418185993051127580e-01 -2.117164651044164403e-01
2.798559586514627107e+00 -1.247603999474176106e+00 -4.807937817175582662e-01
-2.798559586514627107e+00 -1.247603999474176106e+00 4.807937817175582662e-01
-3.742595621866896760e+00 -1.418185993051127580e-01 2.117164651044164403e-01
2.627017126594247021e+00 1.221172415265023403e+00 -1.591126725524981689e+00
2.867304060994238846e+00 -2.169676802532155557e-02 -2.355264391112970479e+00
-2.627017126594247021e+00 1.221172415265023403e+00 1.591126725524981689e+00
-2.867304060994238846e+00 -2.169676802532155557e-02 2.355264391112970479e+00
