0.000000000000000000e+00 6.301099060706865182e-06
9.647144644832773841e-03 8.183728849538795203e+00
-9.647144644832773841e-03 8.183728849540793604e+00
2.894143393449832152e-02 1.635375956512768880e+01
-2.894143393449832152e-02 1.635375956513061269e+01
4.823572322416386920e-02 2.449632447310452932e+01
-4.823572322416386920e-02 2.449632447310516170e+01
6.753001251382942383e-02 3.259751602162757678e+01
-6.753001251382942383e-02 3.259751602162790363e+01
8.682430180349495763e-02 4.064321487273044653e+01
-8.682430180349495763e-02 4.064321487273154077e+01
1.061185910931605192e-01 4.861901571436532521e+01
-1.061185910931605192e-01 4.861901571436615654e+01
1.254128803828260530e-01 5.651015018405767165e+01
-1.254128803828260530e-01 5.651015018405855272e+01
1.447071696724916146e-01 6.430140645442719460e+01
-1.447071696724916146e-01 6.430140645442776304e+01
1.640014589621571484e-01 7.197704526689236104e+01
-1.640014589621571484e-01 7.197704526689265947e+01
1.832957482518227099e-01 7.952071254165977621e+01
-1.832957482518227099e-01 7.952071254166020253e+01
2.025900375414882437e-01 8.691534917554947981e+01
-2.025900375414882437e-01 8.691534917554962192e+01
2.218843268311538053e-01 9.414309930857417896e+01
-2.218843268311538053e-01 9.414309930857446318e+01
2.411786161208193391e-01 1.011852192466960503e+02
-2.411786161208193391e-01 1.011852192466962492e+02
2.604729054104849006e-01 1.080219904264984052e+02
-2.604729054104849006e-01 1.080219904264986468e+02
2.797671947001504344e-01 1.146326413481372128e+02
-2.797671947001504344e-01 1.146326413481374260e+02
2.990614839898159683e-01 1.209952853179318168e+02
-2.990614839898159683e-01 1.209952853179321295e+02
3.183557732794815576e-01 1.270868831220096951e+02
-3.183557732794815576e-01 1.270868831220104624e+02
3.376500625691470914e-01 1.328832423121885142e+02
-3.376500625691470914e-01 1.328832423121887985e+02
3.569443518588126252e-01 1.383590674173376271e+02
-3.569443518588126252e-01 1.383590674173377408e+02
3.762386411484781590e-01 1.434880777144713306e+02
-3.762386411484781590e-01 1.434880777144714159e+02
3.955329304381437483e-01 1.482432105963684421e+02
-3.955329304381437483e-01 1.482432105963686695e+02
4.148272197278092821e-01 1.525969282083912049e+02
-4.148272197278092821e-01 1.525969282083913754e+02
4.341215090174748159e-01 1.565216418632408590e+02
-4.341215090174748159e-01 1.565216418632409443e+02
4.534157983071403497e-01 1.599902617390972637e+02
-4.534157983071403497e-01 1.599902617390977184e+02
4.727100875968059390e-01 1.629768678157528541e+02
-4.727100875968059390e-01 1.629768678157532236e+02
4.920043768864714728e-01 1.654574820103022716e+02
-4.920043768864714728e-01 1.654574820103026980e+02
5.112986661761370621e-01 1.674109024661360650e+02
-5.112986661761370621e-01 1.674109024661364913e+02
5.305929554658025404e-01 1.688195419688146330e+02
-5.305929554658025404e-01 1.688195419688149173e+02
5.498872447554681298e-01 1.696701979313409652e+02
-5.498872447554681298e-01 1.696701979313411641e+02
5.691815340451336080e-01 1.699546761261389065e+02
-5.691815340451336080e-01 3.986735716110155181e+02
5.884758233347991974e-01 3.987947248549847927e+02
-5.884758233347991974e-01 3.987947248549849064e+02
6.077701126244647867e-01 3.991555722868752127e+02
-6.077701126244647867e-01 3.991555722868756106e+02
6.270644019141302650e-01 3.997484188507785916e+02
-6.270644019141302650e-01 3.997484188507791600e+02
6.463586912037958543e-01 4.005608946028477249e+02
-6.463586912037958543e-01 4.005608946028478954e+02
6.656529804934614436e-01 4.015765794903747405e+02
-6.656529804934614436e-01 4.015765794903761048e+02
6.849472697831269219e-01 4.027757748262407631e+02
-6.849472697831269219e-01 4.027757748262408199e+02
7.042415590727925112e-01 4.041363436597333134e+02
-7.042415590727925112e-01 4.041363436597337113e+02
7.235358483624579895e-01 4.056345475173264390e+02
-7.235358483624579895e-01 4.056345475173271780e+02
7.428301376521235788e-01 4.072458215258978385e+02
-7.428301376521235788e-01 4.072458215258993164e+02
7.621244269417891681e-01 4.089454489195704241e+02
-7.621244269417891681e-01 4.089454489195707652e+02
7.814187162314546464e-01 4.107091149483147206e+02
-7.814187162314546464e-01 4.107091149483147206e+02
8.007130055211202357e-01 4.125133362096588030e+02
-8.007130055211202357e-01 4.125133362096590304e+02
8.200072948107858251e-01 4.143357729867845478e+02
-8.200072948107858251e-01 4.143357729867846047e+02
8.393015841004513033e-01 4.161554391919627847e+02
-8.393015841004513033e-01 4.161554391919631257e+02
8.585958733901168927e-01 4.179528276920407279e+02
-8.585958733901168927e-01 4.179528276920413532e+02
8.778901626797823710e-01 4.197099691721897443e+02
-8.778901626797823710e-01 4.197099691721908812e+02
8.971844519694479603e-01 4.214104413089709169e+02
-8.971844519694479603e-01 4.214104413089712011e+02
9.164787412591135496e-01 4.230393427221623028e+02
-9.164787412591135496e-01 4.230393427221631555e+02
9.357730305487790279e-01 4.245832435646927934e+02
-9.357730305487790279e-01 4.245832435646933050e+02
9.550673198384446172e-01 4.260301220748250444e+02
-9.550673198384446172e-01 4.260301220748250444e+02
9.743616091281102065e-01 4.273692941624036621e+02
-9.743616091281102065e-01 4.273692941624037758e+02
9.936558984177756848e-01 4.285913412170228867e+02
-9.936558984177756848e-01 4.285913412170233414e+02
1.012950187707441163e+00 4.296880398200509035e+02
-1.012950187707441163e+00 4.296880398200518130e+02
1.032244476997106863e+00 4.306522958828729770e+02
-1.032244476997106863e+00 4.306522958828731475e+02
1.051538766286772342e+00 4.314780848699411422e+02
-1.051538766286772342e+00 4.314780848699423359e+02
1.070833055576437820e+00 4.321603991430077372e+02
-1.070833055576437820e+00 4.321603991430077372e+02
1.090127344866103520e+00 4.326952030304144614e+02
-1.090127344866103520e+00 4.326952030304149730e+02
1.109421634155768999e+00 4.330793959383300944e+02
-1.109421634155768999e+00 4.330793959383303786e+02
1.128715923445434477e+00 4.333107836418802208e+02
-1.128715923445434477e+00 4.333107836418802208e+02
1.148010212735100177e+00 4.333880577937321164e+02
