0.000000000000000000e+00 9.560890028980674471e-06
2.894143393449832239e-03 3.775288397121892014e+00
-2.894143393449832239e-03 3.775288397122919193e+00
8.682430180349497151e-03 7.549645298324906939e+00
-8.682430180349497151e-03 7.549645298326746357e+00
1.447071696724916076e-02 1.132213943751865060e+01
-1.447071696724916076e-02 1.132213943751958141e+01
2.025900375414882437e-02 1.509184000822206784e+01
-2.025900375414882437e-02 1.509184000822259897e+01
2.604729054104849145e-02 1.885781689322783450e+01
-2.604729054104849145e-02 1.885781689322784871e+01
3.183557732794815159e-02 2.261914089409042106e+01
-3.183557732794815159e-02 2.261914089409061646e+01
3.762386411484781867e-02 2.637488396039489302e+01
-3.762386411484781867e-02 2.637488396039492500e+01
4.341215090174748575e-02 3.012411941873788024e+01
-4.341215090174748575e-02 3.012411941873803656e+01
4.920043768864714590e-02 3.386592220137134746e+01
-4.920043768864714590e-02 3.386592220137180220e+01
5.498872447554681298e-02 3.759936907444824783e+01
-5.498872447554681298e-02 3.759936907444833309e+01
6.077701126244648006e-02 4.132353886581751112e+01
-6.077701126244648006e-02 4.132353886581779534e+01
6.656529804934614714e-02 4.503751269230910026e+01
-6.656529804934614714e-02 4.503751269230914289e+01
7.235358483624580728e-02 4.874037418645435338e+01
-7.235358483624580728e-02 4.874037418645453812e+01
7.814187162314546742e-02 5.243120972258724777e+01
-7.814187162314546742e-02 5.243120972258729040e+01
8.393015841004514144e-02 5.610910864226595152e+01
-8.393015841004514144e-02 5.610910864226610784e+01
8.971844519694480158e-02 5.977316347896578463e+01
-8.971844519694480158e-02 5.977316347896591964e+01
9.550673198384446172e-02 6.342247018198231956e+01
-9.550673198384446172e-02 6.342247018198263220e+01
1.012950187707441219e-01 6.705612833949216167e+01
-1.012950187707441219e-01 6.705612833949236062e+01
1.070833055576437959e-01 7.067324140071680461e+01
-1.070833055576437959e-01 7.067324140071693250e+01
1.128715923445434560e-01 7.427291689713165113e+01
-1.128715923445434560e-01 7.427291689713203482e+01
1.186598791314431162e-01 7.785426666267217399e+01
-1.186598791314431162e-01 7.785426666267278506e+01
1.244481659183427902e-01 8.141640705287228741e+01
-1.244481659183427902e-01 8.141640705287257163e+01
1.302364527052424503e-01 8.495845916289168542e+01
-1.302364527052424503e-01 8.495845916289208333e+01
1.360247394921421105e-01 8.847954904437348489e+01
-1.360247394921421105e-01 8.847954904437348489e+01
1.418130262790417706e-01 9.197880792107625325e+01
-1.418130262790417706e-01 9.197880792107640957e+01
1.476013130659414307e-01 9.545537240323284323e+01
-1.476013130659414307e-01 9.545537240323390904e+01
1.533895998528411186e-01 9.890838470057870779e+01
-1.533895998528411186e-01 9.890838470057890675e+01
1.591778866397407788e-01 1.023369928339979111e+02
-1.591778866397407788e-01 1.023369928339979253e+02
1.649661734266404389e-01 1.057403508457357475e+02
-1.649661734266404389e-01 1.057403508457359180e+02
1.707544602135400991e-01 1.091176190081293953e+02
-1.707544602135400991e-01 1.091176190081293953e+02
1.765427470004397592e-01 1.124679640307952155e+02
-1.765427470004397592e-01 1.124679640307952724e+02
1.823310337873394193e-01 1.157905592662303178e+02
-1.823310337873394193e-01 1.157905592662304315e+02
1.881193205742391072e-01 1.190845849137779453e+02
-1.881193205742391072e-01 1.190845849137788122e+02
1.939076073611387674e-01 1.223492282218992813e+02
-1.939076073611387674e-01 1.223492282218993665e+02
1.996958941480384275e-01 1.255836836887072252e+02
-1.996958941480384275e-01 1.255836836887074242e+02
2.054841809349380877e-01 1.287871532607142626e+02
-2.054841809349380877e-01 1.287871532607147458e+02
2.112724677218377478e-01 1.319588465297377979e+02
-2.112724677218377478e-01 1.319588465297382243e+02
2.170607545087374080e-01 1.350979809279225492e+02
-2.170607545087374080e-01 1.350979809279225492e+02
2.228490412956370958e-01 1.382037819208276233e+02
-2.228490412956370958e-01 1.382037819208277654e+02
2.286373280825367560e-01 1.412754831985319868e+02
-2.286373280825367560e-01 1.412754831985322994e+02
2.344256148694364161e-01 1.443123268647065629e+02
-2.344256148694364161e-01 1.443123268647073871e+02
2.402139016563360763e-01 1.473135636236197570e+02
-2.402139016563360763e-01 1.473135636236203538e+02
2.460021884432357364e-01 1.502784529650086256e+02
-2.460021884432357364e-01 1.502784529650089951e+02
2.517904752301354243e-01 1.532062633467934916e+02
-2.517904752301354243e-01 1.532062633467936621e+02
2.575787620170350567e-01 1.560962723755711465e+02
-2.575787620170350567e-01 1.560962723755721981e+02
2.633670488039347446e-01 1.589477669848603512e+02
-2.633670488039347446e-01 1.589477669848603796e+02
2.691553355908343770e-01 1.617600436110312785e+02
-2.691553355908343770e-01 1.617600436110316480e+02
2.749436223777340649e-01 1.645324083669088395e+02
-2.749436223777340649e-01 1.645324083669096638e+02
2.807319091646337528e-01 1.672641772129738058e+02
-2.807319091646337528e-01 1.672641772129738342e+02
2.865201959515333852e-01 1.699546761261379118e+02
-2.865201959515333852e-01 1.699546761261388212e+02
2.923084827384330731e-01 1.726032412660557043e+02
-2.923084827384330731e-01 1.726032412660558464e+02
2.980967695253327054e-01 1.752092191389081961e+02
-2.980967695253327054e-01 1.752092191389082245e+02
3.038850563122323933e-01 1.777719667586497962e+02
-3.038850563122323933e-01 1.777719667586498815e+02
3.096733430991320257e-01 1.802908518056522666e+02
-3.096733430991320257e-01 1.802908518056531761e+02
3.154616298860317136e-01 1.827652527827225697e+02
-3.154616298860317136e-01 1.827652527827237066e+02
3.212499166729314015e-01 1.851945591684437034e+02
-3.212499166729314015e-01 1.851945591684438170e+02
3.270382034598310339e-01 1.875781715678155308e+02
-3.270382034598310339e-01 1.875781715678161277e+02
3.328264902467307218e-01 1.899155018601454117e+02
-3.328264902467307218e-01 1.899155018601456106e+02
3.386147770336303542e-01 1.922059733441579112e+02
-3.386147770336303542e-01 1.922059733441580534e+02
3.444030638205300421e-01 1.944490208802874633e+02
-3.444030638205300421e-01 1.944490208802882023e+02
3.501913506074296745e-01 1.966440910301182043e+02
-3.501913506074296745e-01 1.966440910301184033e+02
3.559796373943293624e-01 1.987906421929358771e+02
-3.559796373943293624e-01 1.987906421929370993e+02
3.617679241812290503e-01 2.008881447393609960e+02
-3.617679241812290503e-01 2.008881447393613655e+02
3.675562109681286826e-01 2.029360811420235677e+02
-3.675562109681286826e-01 2.029360811420249320e+02
3.733444977550283705e-01 2.049339461032651855e+02
-3.733444977550283705e-01 2.049339461032654413e+02
3.791327845419280029e-01 2.068812466797969023e+02
-3.791327845419280029e-01 2.068812466797973570e+02
3.849210713288276908e-01 2.087775024043404528e+02
-3.849210713288276908e-01 2.087775024043408223e+02
3.907093581157273787e-01 2.106222454041706840e+02
-3.907093581157273787e-01 2.106222454041711956e+02
3.964976449026270111e-01 2.124150205165561545e+02
-3.964976449026270111e-01 2.124150205165562113e+02
4.022859316895266990e-01 2.141553854010629152e+02
-4.022859316895266990e-01 2.141553854010639952e+02
4.080742184764263314e-01 2.158429106486985063e+02
-4.080742184764263314e-01 2.158429106486986768e+02
4.138625052633260193e-01 2.174771798878576305e+02
-4.138625052633260193e-01 2.174771798878578295e+02
4.196507920502256517e-01 2.190577898870604372e+02
-4.196507920502256517e-01 2.190577898870604940e+02
4.254390788371253396e-01 2.205843506544401009e+02
-4.254390788371253396e-01 2.205843506544412094e+02
4.312273656240250275e-01 2.220564855339718235e+02
-4.312273656240250275e-01 2.220564855339725909e+02
4.370156524109246599e-01 2.234738312983992898e+02
-4.370156524109246599e-01 2.234738312983996309e+02
4.428039391978243478e-01 2.248360382388653989e+02
-4.428039391978243478e-01 2.248360382388655125e+02
4.485922259847239801e-01 2.261427702511893187e+02
-4.485922259847239801e-01 2.261427702511897735e+02
4.543805127716236680e-01 2.273937049188008643e+02
-4.543805127716236680e-01 2.273937049188012338e+02
4.601687995585233004e-01 2.285885335922888260e+02
-4.601687995585233004e-01 2.285885335922889965e+02
4.659570863454229883e-01 2.297269614655561156e+02
-4.659570863454229883e-01 2.297269614655565135e+02
4.717453731323226762e-01 2.308087076485603006e+02
-4.717453731323226762e-01 2.308087076485604143e+02
4.775336599192223086e-01 2.318335052366174693e+02
-4.775336599192223086e-01 2.318335052366185778e+02
4.833219467061219965e-01 2.328011013762564119e+02
-4.833219467061219965e-01 2.328011013762570656e+02
4.891102334930216289e-01 2.337112573276081946e+02
-4.891102334930216289e-01 2.337112573276085641e+02
4.948985202799213168e-01 2.345637485233114603e+02
-4.948985202799213168e-01 2.345637485233119151e+02
5.006868070668210047e-01 2.353583646239187317e+02
-5.006868070668210047e-01 2.353583646239193854e+02
5.064750938537206926e-01 2.360949095697985456e+02
-5.064750938537206926e-01 2.360949095697987161e+02
5.122633806406202694e-01 2.367732016295055075e+02
-5.122633806406202694e-01 2.367732016295056212e+02
5.180516674275199573e-01 2.373930734446237807e+02
-5.180516674275199573e-01 2.373930734446244628e+02
5.238399542144196452e-01 2.379543720710591685e+02
-5.238399542144196452e-01 2.379543720710592254e+02
5.296282410013193331e-01 2.384569590167723732e+02
-5.296282410013193331e-01 2.384569590167727995e+02
5.354165277882189100e-01 2.389007102759573229e+02
-5.354165277882189100e-01 2.389007102759578061e+02
5.412048145751185979e-01 2.392855163596296109e+02
-5.412048145751185979e-01 2.392855163596297814e+02
5.469931013620182858e-01 2.396112823226458488e+02
-5.469931013620182858e-01 2.396112823226460762e+02
5.527813881489179737e-01 2.398779277871298063e+02
-5.527813881489179737e-01 2.398779277871302895e+02
5.585696749358176616e-01 2.400853869623028345e+02
-5.585696749358176616e-01 2.400853869623030903e+02
5.643579617227172385e-01 2.402336086607172092e+02
-5.643579617227172385e-01 2.402336086607174082e+02
5.701462485096169264e-01 2.403225563108871654e+02
-5.701462485096169264e-01 2.403225563108874212e+02
5.759345352965166143e-01 2.403522079663116813e+02
