###############################################################
#Number of atoms in chain 800
#Number of cells 200
#Short Pt-X force constant 166.000000 N/M
#Long Pt-X force constant 45.400000 N/M
#Short X-X force constant -2.300000 N/M
#Long X-X force constant -2.300000 N/M
#Pt-Pt force constant 50.000000 N/M
#Distance between atom pair 2.327310 x10^-10 M
#Temperature 293.000000 K
#Acoustic MSRD 8.40541e-05 x10^-20 M^2
#Nu3 Optical MSRD 7.71348e-05 x10^-20 M^2
#Nu1 Optical MSRD 0.00115327 x10^-20 M^2
#Nu2 Optical MSRD 0.00129074 x10^-20 M^2
#Total MSRD 0.00260519 x10^-20 M^2
###############################################################
0.000000 0.000003
0.001447 1.224656
-0.001447 1.224656
0.004341 2.449253
-0.004341 2.449253
0.007235 3.673731
-0.007235 3.673731
0.010130 4.898031
-0.010130 4.898031
0.013024 6.122094
-0.013024 6.122094
0.015918 7.345859
-0.015918 7.345859
0.018812 8.569269
-0.018812 8.569269
0.021706 9.792262
-0.021706 9.792262
0.024600 11.014779
-0.024600 11.014779
0.027494 12.236762
-0.027494 12.236762
0.030389 13.458150
-0.030389 13.458150
0.033283 14.678883
-0.033283 14.678883
0.036177 15.898903
-0.036177 15.898903
0.039071 17.118148
-0.039071 17.118148
0.041965 18.336559
-0.041965 18.336559
0.044859 19.554077
-0.044859 19.554077
0.047753 20.770640
-0.047753 20.770640
0.050648 21.986189
-0.050648 21.986189
0.053542 23.200663
-0.053542 23.200663
0.056436 24.414001
-0.056436 24.414001
0.059330 25.626144
-0.059330 25.626144
0.062224 26.837030
-0.062224 26.837030
0.065118 28.046598
-0.065118 28.046598
0.068012 29.254788
-0.068012 29.254788
0.070907 30.461537
-0.070907 30.461537
0.073801 31.666785
-0.073801 31.666785
0.076695 32.870468
-0.076695 32.870468
0.079589 34.072526
-0.079589 34.072526
0.082483 35.272897
-0.082483 35.272897
0.085377 36.471516
-0.085377 36.471516
0.088271 37.668322
-0.088271 37.668322
0.091166 38.863251
-0.091166 38.863251
0.094060 40.056239
-0.094060 40.056239
0.096954 41.247222
-0.096954 41.247222
0.099848 42.436137
-0.099848 42.436137
0.102742 43.622917
-0.102742 43.622917
0.105636 44.807498
-0.105636 44.807498
0.108530 45.989814
-0.108530 45.989814
0.111425 47.169797
-0.111425 47.169797
0.114319 48.347381
-0.114319 48.347381
0.117213 49.522497
-0.117213 49.522497
0.120107 50.695077
-0.120107 50.695077
0.123001 51.865052
-0.123001 51.865052
0.125895 53.032350
-0.125895 53.032350
0.128789 54.196901
-0.128789 54.196901
0.131684 55.358631
-0.131684 55.358631
0.134578 56.517468
-0.134578 56.517468
0.137472 57.673337
-0.137472 57.673337
0.140366 58.826160
-0.140366 58.826160
0.143260 59.975860
-0.143260 59.975860
0.146154 61.122357
-0.146154 61.122357
0.149048 62.265570
-0.149048 62.265570
0.151943 63.405415
-0.151943 63.405415
0.154837 64.541807
-0.154837 64.541807
0.157731 65.674657
-0.157731 65.674657
0.160625 66.803873
-0.160625 66.803873
0.163519 67.929363
-0.163519 67.929363
0.166413 69.051027
-0.166413 69.051027
0.169307 70.168765
-0.169307 70.168765
0.172202 71.282470
-0.172202 71.282470
0.175096 72.392032
-0.175096 72.392032
0.177990 73.497334
-0.177990 73.497334
0.180884 74.598255
-0.180884 74.598255
0.183778 75.694666
-0.183778 75.694666
0.186672 76.786428
-0.186672 76.786428
0.189566 77.873397
-0.189566 77.873397
0.192461 78.955415
-0.192461 78.955415
0.195355 80.032316
-0.195355 80.032316
0.198249 81.103919
-0.198249 81.103919
0.201143 82.170026
-0.201143 82.170026
0.204037 83.230424
-0.204037 83.230424
0.206931 84.284878
-0.206931 84.284878
0.209825 85.333127
-0.209825 85.333127
0.212720 86.374886
-0.212720 86.374886
0.215614 87.409834
-0.215614 87.409834
0.218508 88.437610
-0.218508 88.437610
0.221402 89.457807
-0.221402 89.457807
0.224296 90.469963
-0.224296 90.469963
0.227190 91.473548
-0.227190 91.473548
0.230084 92.467951
-0.230084 92.467951
0.232979 93.452462
-0.232979 93.452462
0.235873 94.426250
-0.235873 94.426250
0.238767 95.388336
-0.238767 95.388336
0.241661 96.337556
-0.241661 96.337556
0.244555 97.272518
-0.244555 97.272518
0.247449 98.191541
-0.247449 98.191541
0.250343 99.092584
-0.250343 99.092584
0.253238 99.973145
-0.253238 99.973145
0.256132 100.830143
-0.256132 100.830143
0.259026 101.659757
-0.259026 101.659757
0.261920 102.457235
-0.261920 102.457235
0.264814 103.216653
-0.264814 103.216653
0.267708 103.930654
-0.267708 103.930654
0.270602 104.590178
-0.270602 104.590178
0.273497 105.184268
-0.273497 105.184268
0.276391 105.700093
-0.276391 105.700093
0.279285 106.123384
-0.279285 106.123384
0.282179 106.439533
-0.282179 106.439533
0.285073 106.635443
-0.285073 106.635443
0.287967 106.701866
-0.287967 120.688602
-0.287967 120.749228
0.287967 120.749228
-0.285073 120.927748
0.285073 120.927748
-0.282179 121.214911
0.282179 121.214911
-0.279285 121.597620
0.279285 121.597620
-0.276391 122.061264
0.276391 122.061264
-0.273497 122.591571
0.273497 122.591571
-0.270602 123.175705
0.270602 123.175705
-0.267708 123.802706
0.267708 123.802706
-0.264814 124.463509
0.264814 124.463509
-0.261920 125.150749
0.261920 125.150749
-0.259026 125.858497
0.259026 125.858497
-0.256132 126.581994
0.256132 126.581994
-0.253238 127.317410
0.253238 127.317410
-0.250343 128.061655
0.250343 128.061655
-0.247449 128.812220
0.247449 128.812220
-0.244555 129.567051
0.244555 129.567051
-0.241661 130.324459
0.241661 130.324459
-0.238767 131.083039
0.238767 131.083039
-0.235873 131.841615
0.235873 131.841615
-0.232979 132.599196
0.232979 132.599196
-0.230084 133.354937
0.230084 133.354937
-0.227190 134.108116
0.227190 134.108116
-0.224296 134.858105
0.224296 134.858105
-0.221402 135.604361
0.221402 135.604361
-0.218508 136.346404
0.218508 136.346404
-0.215614 137.083811
0.215614 137.083811
-0.212720 137.816206
0.212720 137.816206
-0.209825 138.543249
0.209825 138.543249
-0.206931 139.264636
0.206931 139.264636
-0.204037 139.980089
0.204037 139.980089
-0.201143 140.689353
0.201143 140.689353
-0.198249 141.392194
0.198249 141.392194
-0.195355 142.088396
0.195355 142.088396
-0.192461 142.777757
0.192461 142.777757
-0.189566 143.460088
0.189566 143.460088
-0.186672 144.135211
0.186672 144.135211
-0.183778 144.802957
0.183778 144.802957
-0.180884 145.463168
0.180884 145.463168
-0.177990 146.115692
0.177990 146.115692
-0.175096 146.760382
0.175096 146.760382
-0.172202 147.397099
0.172202 147.397099
-0.169307 148.025709
0.169307 148.025709
-0.166413 148.646080
0.166413 148.646080
-0.163519 149.258089
0.163519 149.258089
-0.160625 149.861611
0.160625 149.861611
-0.157731 150.456529
0.157731 150.456529
-0.154837 151.042725
0.154837 151.042725
-0.151943 151.620087
0.151943 151.620087
-0.149048 152.188504
0.149048 152.188504
-0.146154 152.747867
0.146154 152.747867
-0.143260 153.298069
0.143260 153.298069
-0.140366 153.839007
0.140366 153.839007
-0.137472 154.370576
0.137472 154.370576
-0.134578 154.892678
0.134578 154.892678
-0.131684 155.405211
0.131684 155.405211
-0.128789 155.908078
0.128789 155.908078
-0.125895 156.401183
0.125895 156.401183
-0.123001 156.884432
0.123001 156.884432
-0.120107 157.357730
0.120107 157.357730
-0.117213 157.820986
0.117213 157.820986
-0.114319 158.274110
0.114319 158.274110
-0.111425 158.717012
0.111425 158.717012
-0.108530 159.149605
0.108530 159.149605
-0.105636 159.571802
0.105636 159.571802
-0.102742 159.983520
0.102742 159.983520
-0.099848 160.384674
0.099848 160.384674
-0.096954 160.775182
0.096954 160.775182
-0.094060 161.154966
0.094060 161.154966
-0.091166 161.523945
0.091166 161.523945
-0.088271 161.882044
0.088271 161.882044
-0.085377 162.229186
0.085377 162.229186
-0.082483 162.565298
0.082483 162.565298
-0.079589 162.890309
0.079589 162.890309
-0.076695 163.204147
0.076695 163.204147
-0.073801 163.506746
0.073801 163.506746
-0.070907 163.798039
0.070907 163.798039
-0.068012 164.077961
0.068012 164.077961
-0.065118 164.346451
0.065118 164.346451
-0.062224 164.603448
0.062224 164.603448
-0.059330 164.848895
0.059330 164.848895
-0.056436 165.082735
0.056436 165.082735
-0.053542 165.304916
0.053542 165.304916
-0.050648 165.515386
0.050648 165.515386
-0.047753 165.714097
0.047753 165.714097
-0.044859 165.901002
0.044859 165.901002
-0.041965 166.076058
0.041965 166.076058
-0.039071 166.239224
0.039071 166.239224
-0.036177 166.390461
0.036177 166.390461
-0.033283 166.529733
0.033283 166.529733
-0.030389 166.657007
0.030389 166.657007
-0.027494 166.772253
0.027494 166.772253
-0.024600 166.875442
0.024600 166.875442
-0.021706 166.966551
0.021706 166.966551
-0.018812 167.045557
0.018812 167.045557
-0.015918 167.112440
0.015918 167.112440
-0.013024 167.167185
0.013024 167.167185
-0.010130 167.209778
0.010130 167.209778
-0.007235 167.240209
0.007235 167.240209
-0.004341 167.258471
0.004341 167.258471
-0.001447 167.264559
0.001447 311.120090
0.001447 311.121732
-0.001447 311.121732
0.004341 311.126657
-0.004341 311.126657
0.007235 311.134859
-0.007235 311.134859
0.010130 311.146331
-0.010130 311.146331
0.013024 311.161061
-0.013024 311.161061
0.015918 311.179035
-0.015918 311.179035
0.018812 311.200234
-0.018812 311.200234
0.021706 311.224637
-0.021706 311.224637
0.024600 311.252221
-0.024600 311.252221
0.027494 311.282958
-0.027494 311.282958
0.030389 311.316817
-0.030389 311.316817
0.033283 311.353765
-0.033283 311.353765
0.036177 311.393766
-0.036177 311.393766
0.039071 311.436779
-0.039071 311.436779
0.041965 311.482762
-0.041965 311.482762
0.044859 311.531671
-0.044859 311.531671
0.047753 311.583456
-0.047753 311.583456
0.050648 311.638067
-0.050648 311.638067
0.053542 311.695450
-0.053542 311.695450
0.056436 311.755550
-0.056436 311.755550
0.059330 311.818307
-0.059330 311.818307
0.062224 311.883659
-0.062224 311.883659
0.065118 311.951544
-0.065118 311.951544
0.068012 312.021894
-0.068012 312.021894
0.070907 312.094642
-0.070907 312.094642
0.073801 312.169717
-0.073801 312.169717
0.076695 312.247046
-0.076695 312.247046
0.079589 312.326554
-0.079589 312.326554
0.082483 312.408164
-0.082483 312.408164
0.085377 312.491798
-0.085377 312.491798
0.088271 312.577375
-0.088271 312.577375
0.091166 312.664812
-0.091166 312.664812
0.094060 312.754025
-0.094060 312.754025
0.096954 312.844929
-0.096954 312.844929
0.099848 312.937436
-0.099848 312.937436
0.102742 313.031458
-0.102742 313.031458
0.105636 313.126904
-0.105636 313.126904
0.108530 313.223684
-0.108530 313.223684
0.111425 313.321704
-0.111425 313.321704
0.114319 313.420870
-0.114319 313.420870
0.117213 313.521089
-0.117213 313.521089
0.120107 313.622264
-0.120107 313.622264
0.123001 313.724299
-0.123001 313.724299
0.125895 313.827096
-0.125895 313.827096
0.128789 313.930556
-0.128789 313.930556
0.131684 314.034581
-0.131684 314.034581
0.134578 314.139071
-0.134578 314.139071
0.137472 314.243926
-0.137472 314.243926
0.140366 314.349045
-0.140366 314.349045
0.143260 314.454328
-0.143260 314.454328
0.146154 314.559673
-0.146154 314.559673
0.149048 314.664979
-0.149048 314.664979
0.151943 314.770144
-0.151943 314.770144
0.154837 314.875066
-0.154837 314.875066
0.157731 314.979645
-0.157731 314.979645
0.160625 315.083778
-0.160625 315.083778
0.163519 315.187364
-0.163519 315.187364
0.166413 315.290301
-0.166413 315.290301
0.169307 315.392490
-0.169307 315.392490
0.172202 315.493830
-0.172202 315.493830
0.175096 315.594220
-0.175096 315.594220
0.177990 315.693563
-0.177990 315.693563
0.180884 315.791758
-0.180884 315.791758
0.183778 315.888709
-0.183778 315.888709
0.186672 315.984319
-0.186672 315.984319
0.189566 316.078491
-0.189566 316.078491
0.192461 316.171131
-0.192461 316.171131
0.195355 316.262145
-0.195355 316.262145
0.198249 316.351440
-0.198249 316.351440
0.201143 316.438926
-0.201143 316.438926
0.204037 316.524513
-0.204037 316.524513
0.206931 316.608112
-0.206931 316.608112
0.209825 316.689638
-0.209825 316.689638
0.212720 316.769005
-0.212720 316.769005
0.215614 316.846131
-0.215614 316.846131
0.218508 316.920935
-0.218508 316.920935
0.221402 316.993337
-0.221402 316.993337
0.224296 317.063263
-0.224296 317.063263
0.227190 317.130636
-0.227190 317.130636
0.230084 317.195385
-0.230084 317.195385
0.232979 317.257441
-0.232979 317.257441
0.235873 317.316738
-0.235873 317.316738
0.238767 317.373209
-0.238767 317.373209
0.241661 317.426796
-0.241661 317.426796
0.244555 317.477438
-0.244555 317.477438
0.247449 317.525081
-0.247449 317.525081
0.250343 317.569673
-0.250343 317.569673
0.253238 317.611163
-0.253238 317.611163
0.256132 317.649507
-0.256132 317.649507
0.259026 317.684662
-0.259026 317.684662
0.261920 317.716589
-0.261920 317.716589
0.264814 317.745252
-0.264814 317.745252
0.267708 317.770618
-0.267708 317.770618
0.270602 317.792661
-0.270602 317.792661
0.273497 317.811355
-0.273497 317.811355
0.276391 317.826678
-0.276391 317.826678
0.279285 317.838614
-0.279285 317.838614
0.282179 317.847150
-0.282179 317.847150
0.285073 317.852275
-0.285073 317.852275
0.287967 317.853984
-0.287967 353.829592
-0.287967 353.830467
0.287967 353.830467
-0.285073 353.833092
0.285073 353.833092
-0.282179 353.837462
0.282179 353.837462
-0.279285 353.843572
0.279285 353.843572
-0.276391 353.851413
0.276391 353.851413
-0.273497 353.860973
0.273497 353.860973
-0.270602 353.872238
0.270602 353.872238
-0.267708 353.885192
0.267708 353.885192
-0.264814 353.899818
0.264814 353.899818
-0.261920 353.916093
0.261920 353.916093
-0.259026 353.933996
0.259026 353.933996
-0.256132 353.953500
0.256132 353.953500
-0.253238 353.974578
0.253238 353.974578
-0.250343 353.997201
0.250343 353.997201
-0.247449 354.021338
0.247449 354.021338
-0.244555 354.046954
0.244555 354.046954
-0.241661 354.074016
0.241661 354.074016
-0.238767 354.102486
0.238767 354.102486
-0.235873 354.132325
0.235873 354.132325
-0.232979 354.163494
0.232979 354.163494
-0.230084 354.195952
0.230084 354.195952
-0.227190 354.229655
0.227190 354.229655
-0.224296 354.264559
0.224296 354.264559
-0.221402 354.300620
0.221402 354.300620
-0.218508 354.337791
0.218508 354.337791
-0.215614 354.376025
0.215614 354.376025
-0.212720 354.415273
0.212720 354.415273
-0.209825 354.455488
0.209825 354.455488
-0.206931 354.496618
0.206931 354.496618
-0.204037 354.538615
0.204037 354.538615
-0.201143 354.581427
0.201143 354.581427
-0.198249 354.625004
0.198249 354.625004
-0.195355 354.669294
0.195355 354.669294
-0.192461 354.714245
0.192461 354.714245
-0.189566 354.759806
0.189566 354.759806
-0.186672 354.805924
0.186672 354.805924
-0.183778 354.852549
0.183778 354.852549
-0.180884 354.899626
0.180884 354.899626
-0.177990 354.947106
0.177990 354.947106
-0.175096 354.994937
0.175096 354.994937
-0.172202 355.043066
0.172202 355.043066
-0.169307 355.091443
0.169307 355.091443
-0.166413 355.140018
0.166413 355.140018
-0.163519 355.188739
0.163519 355.188739
-0.160625 355.237557
0.160625 355.237557
-0.157731 355.286423
0.157731 355.286423
-0.154837 355.335288
0.154837 355.335288
-0.151943 355.384104
0.151943 355.384104
-0.149048 355.432822
0.149048 355.432822
-0.146154 355.481396
0.146154 355.481396
-0.143260 355.529781
0.143260 355.529781
-0.140366 355.577929
0.140366 355.577929
-0.137472 355.625797
0.137472 355.625797
-0.134578 355.673340
0.134578 355.673340
-0.131684 355.720515
0.131684 355.720515
-0.128789 355.767279
0.128789 355.767279
-0.125895 355.813592
0.125895 355.813592
-0.123001 355.859412
0.123001 355.859412
-0.120107 355.904700
0.120107 355.904700
-0.117213 355.949416
0.117213 355.949416
-0.114319 355.993523
0.114319 355.993523
-0.111425 356.036983
0.111425 356.036983
-0.108530 356.079760
0.108530 356.079760
-0.105636 356.121818
0.105636 356.121818
-0.102742 356.163124
0.102742 356.163124
-0.099848 356.203643
0.099848 356.203643
-0.096954 356.243344
0.096954 356.243344
-0.094060 356.282194
0.094060 356.282194
-0.091166 356.320164
0.091166 356.320164
-0.088271 356.357223
0.088271 356.357223
-0.085377 356.393343
0.085377 356.393343
-0.082483 356.428495
0.082483 356.428495
-0.079589 356.462654
0.079589 356.462654
-0.076695 356.495793
0.076695 356.495793
-0.073801 356.527888
0.073801 356.527888
-0.070907 356.558914
0.070907 356.558914
-0.068012 356.588849
0.068012 356.588849
-0.065118 356.617671
0.065118 356.617671
-0.062224 356.645358
0.062224 356.645358
-0.059330 356.671891
0.059330 356.671891
-0.056436 356.697250
0.056436 356.697250
-0.053542 356.721417
0.053542 356.721417
-0.050648 356.744376
0.050648 356.744376
-0.047753 356.766109
0.047753 356.766109
-0.044859 356.786601
0.044859 356.786601
-0.041965 356.805839
0.041965 356.805839
-0.039071 356.823808
0.039071 356.823808
-0.036177 356.840496
0.036177 356.840496
-0.033283 356.855892
0.033283 356.855892
-0.030389 356.869984
0.030389 356.869984
-0.027494 356.882764
0.027494 356.882764
-0.024600 356.894221
0.024600 356.894221
-0.021706 356.904350
0.021706 356.904350
-0.018812 356.913142
0.018812 356.913142
-0.015918 356.920591
0.015918 356.920591
-0.013024 356.926693
0.013024 356.926693
-0.010130 356.931443
0.010130 356.931443
-0.007235 356.934838
0.007235 356.934838
-0.004341 356.936877
0.004341 356.936877
-0.001447 356.937556
