###############################################################
#Number of atoms in chain 800
#Number of cells 200
#Short Pt-X force constant 166.000000 N/M
#Long Pt-X force constant 45.400000 N/M
#Short X-X force constant -2.300000 N/M
#Long X-X force constant -2.300000 N/M
#Pt-Pt force constant 23.000000 N/M
#Distance between atom pair 2.327310 x10^-10 M
#Temperature 293.000000 K
#Acoustic MSRD 0.000129495 x10^-20 M^2
#Nu3 Optical MSRD 0.000124885 x10^-20 M^2
#Nu1 Optical MSRD 0.00115597 x10^-20 M^2
#Nu2 Optical MSRD 0.00129342 x10^-20 M^2
#Total MSRD 0.00270377 x10^-20 M^2
###############################################################
0.000000 0.000002
0.001447 1.004663
-0.001447 1.004663
0.004341 2.009281
-0.004341 2.009281
0.007235 3.013813
-0.007235 3.013813
0.010130 4.018212
-0.010130 4.018212
0.013024 5.022437
-0.013024 5.022437
0.015918 6.026441
-0.015918 6.026441
0.018812 7.030183
-0.018812 7.030183
0.021706 8.033618
-0.021706 8.033618
0.024600 9.036701
-0.024600 9.036701
0.027494 10.039389
-0.027494 10.039389
0.030389 11.041637
-0.030389 11.041637
0.033283 12.043401
-0.033283 12.043401
0.036177 13.044637
-0.036177 13.044637
0.039071 14.045300
-0.039071 14.045300
0.041965 15.045346
-0.041965 15.045346
0.044859 16.044730
-0.044859 16.044730
0.047753 17.043406
-0.047753 17.043406
0.050648 18.041331
-0.050648 18.041331
0.053542 19.038459
-0.053542 19.038459
0.056436 20.034745
-0.056436 20.034745
0.059330 21.030143
-0.059330 21.030143
0.062224 22.024607
-0.062224 22.024607
0.065118 23.018091
-0.065118 23.018091
0.068012 24.010550
-0.068012 24.010550
0.070907 25.001937
-0.070907 25.001937
0.073801 25.992206
-0.073801 25.992206
0.076695 26.981309
-0.076695 26.981309
0.079589 27.969199
-0.079589 27.969199
0.082483 28.955829
-0.082483 28.955829
0.085377 29.941151
-0.085377 29.941151
0.088271 30.925116
-0.088271 30.925116
0.091166 31.907677
-0.091166 31.907677
0.094060 32.888784
-0.094060 32.888784
0.096954 33.868388
-0.096954 33.868388
0.099848 34.846438
-0.099848 34.846438
0.102742 35.822885
-0.102742 35.822885
0.105636 36.797677
-0.105636 36.797677
0.108530 37.770763
-0.108530 37.770763
0.111425 38.742090
-0.111425 38.742090
0.114319 39.711607
-0.114319 39.711607
0.117213 40.679259
-0.117213 40.679259
0.120107 41.644992
-0.120107 41.644992
0.123001 42.608751
-0.123001 42.608751
0.125895 43.570481
-0.125895 43.570481
0.128789 44.530123
-0.128789 44.530123
0.131684 45.487619
-0.131684 45.487619
0.134578 46.442912
-0.134578 46.442912
0.137472 47.395940
-0.137472 47.395940
0.140366 48.346641
-0.140366 48.346641
0.143260 49.294953
-0.143260 49.294953
0.146154 50.240810
-0.146154 50.240810
0.149048 51.184146
-0.149048 51.184146
0.151943 52.124892
-0.151943 52.124892
0.154837 53.062978
-0.154837 53.062978
0.157731 53.998330
-0.157731 53.998330
0.160625 54.930874
-0.160625 54.930874
0.163519 55.860531
-0.163519 55.860531
0.166413 56.787219
-0.166413 56.787219
0.169307 57.710854
-0.169307 57.710854
0.172202 58.631347
-0.172202 58.631347
0.175096 59.548605
-0.175096 59.548605
0.177990 60.462529
-0.177990 60.462529
0.180884 61.373017
-0.180884 61.373017
0.183778 62.279958
-0.183778 62.279958
0.186672 63.183237
-0.186672 63.183237
0.189566 64.082729
-0.189566 64.082729
0.192461 64.978301
-0.192461 64.978301
0.195355 65.869809
-0.195355 65.869809
0.198249 66.757099
-0.198249 66.757099
0.201143 67.640002
-0.201143 67.640002
0.204037 68.518334
-0.204037 68.518334
0.206931 69.391893
-0.206931 69.391893
0.209825 70.260457
-0.209825 70.260457
0.212720 71.123777
-0.212720 71.123777
0.215614 71.981578
-0.215614 71.981578
0.218508 72.833550
-0.218508 72.833550
0.221402 73.679342
-0.221402 73.679342
0.224296 74.518556
-0.224296 74.518556
0.227190 75.350736
-0.227190 75.350736
0.230084 76.175355
-0.230084 76.175355
0.232979 76.991805
-0.232979 76.991805
0.235873 77.799371
-0.235873 77.799371
0.238767 78.597213
-0.238767 78.597213
0.241661 79.384335
-0.241661 79.384335
0.244555 80.159545
-0.244555 80.159545
0.247449 80.921410
-0.247449 80.921410
0.250343 81.668188
-0.250343 81.668188
0.253238 82.397756
-0.253238 82.397756
0.256132 83.107503
-0.256132 83.107503
0.259026 83.794203
-0.259026 83.794203
0.261920 84.453859
-0.261920 84.453859
0.264814 85.081513
-0.264814 85.081513
0.267708 85.671041
-0.267708 85.671041
0.270602 86.214945
-0.270602 86.214945
0.273497 86.704225
-0.273497 86.704225
0.276391 87.128418
-0.276391 87.128418
0.279285 87.475986
-0.279285 87.475986
0.282179 87.735213
-0.282179 87.735213
0.285073 87.895673
-0.285073 87.895673
0.287967 87.950043
-0.287967 99.863826
-0.287967 99.913520
0.287967 99.913520
-0.285073 100.059952
0.285073 100.059952
-0.282179 100.295798
0.282179 100.295798
-0.279285 100.610631
0.279285 100.610631
-0.276391 100.992731
0.276391 100.992731
-0.273497 101.430556
0.273497 101.430556
-0.270602 101.913640
0.270602 101.913640
-0.267708 102.432978
0.267708 102.432978
-0.264814 102.981065
0.264814 102.981065
-0.261920 103.551771
0.261920 103.551771
-0.259026 104.140131
0.259026 104.140131
-0.256132 104.742139
0.256132 104.742139
-0.253238 105.354561
0.253238 105.354561
-0.250343 105.974777
0.250343 105.974777
-0.247449 106.600651
0.247449 106.600651
-0.244555 107.230432
0.244555 107.230432
-0.241661 107.862675
0.241661 107.862675
-0.238767 108.496176
0.238767 108.496176
-0.235873 109.129925
0.235873 109.129925
-0.232979 109.763068
0.232979 109.763068
-0.230084 110.394878
0.230084 110.394878
-0.227190 111.024727
0.227190 111.024727
-0.224296 111.652076
0.224296 111.652076
-0.221402 112.276451
0.221402 112.276451
-0.218508 112.897437
0.218508 112.897437
-0.215614 113.514666
0.215614 113.514666
-0.212720 114.127810
0.212720 114.127810
-0.209825 114.736572
0.209825 114.736572
-0.206931 115.340688
0.206931 115.340688
-0.204037 115.939914
0.204037 115.939914
-0.201143 116.534028
0.201143 116.534028
-0.198249 117.122824
0.198249 117.122824
-0.195355 117.706114
0.195355 117.706114
-0.192461 118.283719
0.192461 118.283719
-0.189566 118.855475
0.189566 118.855475
-0.186672 119.421226
0.186672 119.421226
-0.183778 119.980823
0.183778 119.980823
-0.180884 120.534129
0.180884 120.534129
-0.177990 121.081009
0.177990 121.081009
-0.175096 121.621336
0.175096 121.621336
-0.172202 122.154988
0.172202 122.154988
-0.169307 122.681847
0.169307 122.681847
-0.166413 123.201801
0.166413 123.201801
-0.163519 123.714739
0.163519 123.714739
-0.160625 124.220556
0.160625 124.220556
-0.157731 124.719147
0.157731 124.719147
-0.154837 125.210413
0.154837 125.210413
-0.151943 125.694256
0.151943 125.694256
-0.149048 126.170580
0.149048 126.170580
-0.146154 126.639292
0.146154 126.639292
-0.143260 127.100300
0.143260 127.100300
-0.140366 127.553515
0.140366 127.553515
-0.137472 127.998850
0.137472 127.998850
-0.134578 128.436219
0.134578 128.436219
-0.131684 128.865537
0.131684 128.865537
-0.128789 129.286722
0.128789 129.286722
-0.125895 129.699692
0.125895 129.699692
-0.123001 130.104369
0.123001 130.104369
-0.120107 130.500673
0.120107 130.500673
-0.117213 130.888529
0.117213 130.888529
-0.114319 131.267860
0.114319 131.267860
-0.111425 131.638594
0.111425 131.638594
-0.108530 132.000657
0.108530 132.000657
-0.105636 132.353978
0.105636 132.353978
-0.102742 132.698488
0.102742 132.698488
-0.099848 133.034119
0.099848 133.034119
-0.096954 133.360803
0.096954 133.360803
-0.094060 133.678476
0.094060 133.678476
-0.091166 133.987074
0.091166 133.987074
-0.088271 134.286534
0.088271 134.286534
-0.085377 134.576795
0.085377 134.576795
-0.082483 134.857799
0.082483 134.857799
-0.079589 135.129488
0.079589 135.129488
-0.076695 135.391805
0.076695 135.391805
-0.073801 135.644696
0.073801 135.644696
-0.070907 135.888109
0.070907 135.888109
-0.068012 136.121993
0.068012 136.121993
-0.065118 136.346299
0.065118 136.346299
-0.062224 136.560978
0.062224 136.560978
-0.059330 136.765986
0.059330 136.765986
-0.056436 136.961279
0.056436 136.961279
-0.053542 137.146814
0.053542 137.146814
-0.050648 137.322553
0.050648 137.322553
-0.047753 137.488456
0.047753 137.488456
-0.044859 137.644489
0.044859 137.644489
-0.041965 137.790616
0.041965 137.790616
-0.039071 137.926807
0.039071 137.926807
-0.036177 138.053031
0.036177 138.053031
-0.033283 138.169260
0.033283 138.169260
-0.030389 138.275469
0.030389 138.275469
-0.027494 138.371634
0.027494 138.371634
-0.024600 138.457735
0.024600 138.457735
-0.021706 138.533751
0.021706 138.533751
-0.018812 138.599666
0.018812 138.599666
-0.015918 138.655465
0.015918 138.655465
-0.013024 138.701136
0.013024 138.701136
-0.010130 138.736669
0.010130 138.736669
-0.007235 138.762055
0.007235 138.762055
-0.004341 138.777288
0.004341 138.777288
-0.001447 138.782367
0.001447 311.120090
0.001447 311.121632
-0.001447 311.121632
0.004341 311.126256
-0.004341 311.126256
0.007235 311.133959
-0.007235 311.133959
0.010130 311.144733
-0.010130 311.144733
0.013024 311.158570
-0.013024 311.158570
0.015918 311.175456
-0.015918 311.175456
0.018812 311.195377
-0.018812 311.195377
0.021706 311.218316
-0.021706 311.218316
0.024600 311.244251
-0.024600 311.244251
0.027494 311.273160
-0.027494 311.273160
0.030389 311.305018
-0.030389 311.305018
0.033283 311.339795
-0.033283 311.339795
0.036177 311.377462
-0.036177 311.377462
0.039071 311.417985
-0.039071 311.417985
0.041965 311.461328
-0.041965 311.461328
0.044859 311.507452
-0.044859 311.507452
0.047753 311.556317
-0.047753 311.556317
0.050648 311.607880
-0.050648 311.607880
0.053542 311.662094
-0.053542 311.662094
0.056436 311.718911
-0.056436 311.718911
0.059330 311.778282
-0.059330 311.778282
0.062224 311.840152
-0.062224 311.840152
0.065118 311.904468
-0.065118 311.904468
0.068012 311.971172
-0.068012 311.971172
0.070907 312.040204
-0.070907 312.040204
0.073801 312.111503
-0.073801 312.111503
0.076695 312.185005
-0.076695 312.185005
0.079589 312.260645
-0.079589 312.260645
0.082483 312.338354
-0.082483 312.338354
0.085377 312.418064
-0.085377 312.418064
0.088271 312.499703
-0.088271 312.499703
0.091166 312.583196
-0.091166 312.583196
0.094060 312.668470
-0.094060 312.668470
0.096954 312.755448
-0.096954 312.755448
0.099848 312.844049
-0.099848 312.844049
0.102742 312.934196
-0.102742 312.934196
0.105636 313.025804
-0.105636 313.025804
0.108530 313.118792
-0.108530 313.118792
0.111425 313.213074
-0.111425 313.213074
0.114319 313.308564
-0.114319 313.308564
0.117213 313.405175
-0.117213 313.405175
0.120107 313.502817
-0.120107 313.502817
0.123001 313.601400
-0.123001 313.601400
0.125895 313.700833
-0.125895 313.700833
0.128789 313.801023
-0.128789 313.801023
0.131684 313.901877
-0.131684 313.901877
0.134578 314.003300
-0.134578 314.003300
0.137472 314.105197
-0.137472 314.105197
0.140366 314.207471
-0.140366 314.207471
0.143260 314.310024
-0.143260 314.310024
0.146154 314.412760
-0.146154 314.412760
0.149048 314.515579
-0.149048 314.515579
0.151943 314.618383
-0.151943 314.618383
0.154837 314.721071
-0.154837 314.721071
0.157731 314.823543
-0.157731 314.823543
0.160625 314.925699
-0.160625 314.925699
0.163519 315.027438
-0.163519 315.027438
0.166413 315.128658
-0.166413 315.128658
0.169307 315.229259
-0.169307 315.229259
0.172202 315.329140
-0.172202 315.329140
0.175096 315.428200
-0.175096 315.428200
0.177990 315.526337
-0.177990 315.526337
0.180884 315.623450
-0.180884 315.623450
0.183778 315.719441
-0.183778 315.719441
0.186672 315.814208
-0.186672 315.814208
0.189566 315.907652
-0.189566 315.907652
0.192461 315.999675
-0.192461 315.999675
0.195355 316.090180
-0.195355 316.090180
0.198249 316.179068
-0.198249 316.179068
0.201143 316.266245
-0.201143 316.266245
0.204037 316.351616
-0.204037 316.351616
0.206931 316.435086
-0.206931 316.435086
0.209825 316.516565
-0.209825 316.516565
0.212720 316.595962
-0.212720 316.595962
0.215614 316.673188
-0.215614 316.673188
0.218508 316.748156
-0.218508 316.748156
0.221402 316.820781
-0.221402 316.820781
0.224296 316.890980
-0.224296 316.890980
0.227190 316.958673
-0.227190 316.958673
0.230084 317.023781
-0.230084 317.023781
0.232979 317.086227
-0.232979 317.086227
0.235873 317.145940
-0.235873 317.145940
0.238767 317.202849
-0.238767 317.202849
0.241661 317.256885
-0.241661 317.256885
0.244555 317.307985
-0.244555 317.307985
0.247449 317.356087
-0.247449 317.356087
0.250343 317.401133
-0.250343 317.401133
0.253238 317.443069
-0.253238 317.443069
0.256132 317.481843
-0.256132 317.481843
0.259026 317.517408
-0.259026 317.517408
0.261920 317.549721
-0.261920 317.549721
0.264814 317.578740
-0.264814 317.578740
0.267708 317.604432
-0.267708 317.604432
0.270602 317.626763
-0.270602 317.626763
0.273497 317.645706
-0.273497 317.645706
0.276391 317.661237
-0.276391 317.661237
0.279285 317.673337
-0.279285 317.673337
0.282179 317.681991
-0.282179 317.681991
0.285073 317.687188
-0.285073 317.687188
0.287967 317.688921
-0.287967 352.345850
-0.287967 352.346892
0.287967 352.346892
-0.285073 352.350015
0.285073 352.350015
-0.282179 352.355215
0.282179 352.355215
-0.279285 352.362484
0.279285 352.362484
-0.276391 352.371811
0.276391 352.371811
-0.273497 352.383182
0.273497 352.383182
-0.270602 352.396580
0.270602 352.396580
-0.267708 352.411985
0.267708 352.411985
-0.264814 352.429373
0.264814 352.429373
-0.261920 352.448719
0.261920 352.448719
-0.259026 352.469995
0.259026 352.469995
-0.256132 352.493169
0.256132 352.493169
-0.253238 352.518207
0.253238 352.518207
-0.250343 352.545073
0.250343 352.545073
-0.247449 352.573728
0.247449 352.573728
-0.244555 352.604130
0.244555 352.604130
-0.241661 352.636238
0.241661 352.636238
-0.238767 352.670005
0.238767 352.670005
-0.235873 352.705384
0.235873 352.705384
-0.232979 352.742326
0.232979 352.742326
-0.230084 352.780781
0.230084 352.780781
-0.227190 352.820696
0.227190 352.820696
-0.224296 352.862017
0.224296 352.862017
-0.221402 352.904690
0.221402 352.904690
-0.218508 352.948658
0.218508 352.948658
-0.215614 352.993864
0.215614 352.993864
-0.212720 353.040249
0.212720 353.040249
-0.209825 353.087754
0.209825 353.087754
-0.206931 353.136320
0.206931 353.136320
-0.204037 353.185887
0.204037 353.185887
-0.201143 353.236392
0.201143 353.236392
-0.198249 353.287776
0.198249 353.287776
-0.195355 353.339976
0.195355 353.339976
-0.192461 353.392930
0.192461 353.392930
-0.189566 353.446577
0.189566 353.446577
-0.186672 353.500855
0.186672 353.500855
-0.183778 353.555702
0.183778 353.555702
-0.180884 353.611057
0.180884 353.611057
-0.177990 353.666857
0.177990 353.666857
-0.175096 353.723043
0.175096 353.723043
-0.172202 353.779553
0.172202 353.779553
-0.169307 353.836328
0.169307 353.836328
-0.166413 353.893307
0.166413 353.893307
-0.163519 353.950433
0.163519 353.950433
-0.160625 354.007645
0.160625 354.007645
-0.157731 354.064887
0.157731 354.064887
-0.154837 354.122102
0.154837 354.122102
-0.151943 354.179234
0.151943 354.179234
-0.149048 354.236226
0.149048 354.236226
-0.146154 354.293026
0.146154 354.293026
-0.143260 354.349578
0.143260 354.349578
-0.140366 354.405831
0.140366 354.405831
-0.137472 354.461733
0.137472 354.461733
-0.134578 354.517232
0.134578 354.517232
-0.131684 354.572280
0.131684 354.572280
-0.128789 354.626827
0.128789 354.626827
-0.125895 354.680826
0.125895 354.680826
-0.123001 354.734230
0.123001 354.734230
-0.120107 354.786993
0.120107 354.786993
-0.117213 354.839072
0.117213 354.839072
-0.114319 354.890422
0.114319 354.890422
-0.111425 354.941001
0.111425 354.941001
-0.108530 354.990768
0.108530 354.990768
-0.105636 355.039683
0.105636 355.039683
-0.102742 355.087707
0.102742 355.087707
-0.099848 355.134802
0.099848 355.134802
-0.096954 355.180931
0.096954 355.180931
-0.094060 355.226058
0.094060 355.226058
-0.091166 355.270150
0.091166 355.270150
-0.088271 355.313171
0.088271 355.313171
-0.085377 355.355091
0.085377 355.355091
-0.082483 355.395878
0.082483 355.395878
-0.079589 355.435501
0.079589 355.435501
-0.076695 355.473932
0.076695 355.473932
-0.073801 355.511143
0.073801 355.511143
-0.070907 355.547107
0.070907 355.547107
-0.068012 355.581798
0.068012 355.581798
-0.065118 355.615192
0.065118 355.615192
-0.062224 355.647266
0.062224 355.647266
-0.059330 355.677995
0.059330 355.677995
-0.056436 355.707361
0.056436 355.707361
-0.053542 355.735341
0.053542 355.735341
-0.050648 355.761918
0.050648 355.761918
-0.047753 355.787072
0.047753 355.787072
-0.044859 355.810786
0.044859 355.810786
-0.041965 355.833046
0.041965 355.833046
-0.039071 355.853835
0.039071 355.853835
-0.036177 355.873139
0.036177 355.873139
-0.033283 355.890947
0.033283 355.890947
-0.030389 355.907245
0.030389 355.907245
-0.027494 355.922024
0.027494 355.922024
-0.024600 355.935273
0.024600 355.935273
-0.021706 355.946984
0.021706 355.946984
-0.018812 355.957149
0.018812 355.957149
-0.015918 355.965762
0.015918 355.965762
-0.013024 355.972816
0.013024 355.972816
-0.010130 355.978307
0.010130 355.978307
-0.007235 355.982232
0.007235 355.982232
-0.004341 355.984588
0.004341 355.984588
-0.001447 355.985374
