###############################################################
#Number of atoms in chain 800
#Number of cells 200
#Short Pt-X force constant 134.600000 N/M
#Long Pt-X force constant 66.300000 N/M
#Short X-X force constant 0.000000 N/M
#Long X-X force constant 0.000000 N/M
#Pt-Pt force constant 0.000000 N/M
#Distance between atom pair 3.100190 x10^-10 M
#Temperature 293.000000 K
#Acoustic MSRD 0.00206951 x10^-20 M^2
#Nu3 Optical MSRD 0.00218503 x10^-20 M^2
#Nu1 Optical MSRD 0.00128924 x10^-20 M^2
#Nu2 Optical MSRD 0.00097074 x10^-20 M^2
#Total MSRD 0.00651452 x10^-20 M^2
###############################################################
0.000000 0.000004
0.001447 0.898256
-0.001447 0.898256
0.004341 1.796474
-0.004341 1.796474
0.007235 2.694620
-0.007235 2.694620
0.010130 3.592655
-0.010130 3.592655
0.013024 4.490543
-0.013024 4.490543
0.015918 5.388247
-0.015918 5.388247
0.018812 6.285731
-0.018812 6.285731
0.021706 7.182958
-0.021706 7.182958
0.024600 8.079890
-0.024600 8.079890
0.027494 8.976491
-0.027494 8.976491
0.030389 9.872724
-0.030389 9.872724
0.033283 10.768551
-0.033283 10.768551
0.036177 11.663937
-0.036177 11.663937
0.039071 12.558843
-0.039071 12.558843
0.041965 13.453233
-0.041965 13.453233
0.044859 14.347070
-0.044859 14.347070
0.047753 15.240315
-0.047753 15.240315
0.050648 16.132932
-0.050648 16.132932
0.053542 17.024883
-0.053542 17.024883
0.056436 17.916131
-0.056436 17.916131
0.059330 18.806638
-0.059330 18.806638
0.062224 19.696365
-0.062224 19.696365
0.065118 20.585277
-0.065118 20.585277
0.068012 21.473333
-0.068012 21.473333
0.070907 22.360497
-0.070907 22.360497
0.073801 23.246730
-0.073801 23.246730
0.076695 24.131994
-0.076695 24.131994
0.079589 25.016249
-0.079589 25.016249
0.082483 25.899459
-0.082483 25.899459
0.085377 26.781583
-0.085377 26.781583
0.088271 27.662582
-0.088271 27.662582
0.091166 28.542419
-0.091166 28.542419
0.094060 29.421052
-0.094060 29.421052
0.096954 30.298444
-0.096954 30.298444
0.099848 31.174553
-0.099848 31.174553
0.102742 32.049341
-0.102742 32.049341
0.105636 32.922767
-0.105636 32.922767
0.108530 33.794790
-0.108530 33.794790
0.111425 34.665371
-0.111425 34.665371
0.114319 35.534468
-0.114319 35.534468
0.117213 36.402039
-0.117213 36.402039
0.120107 37.268045
-0.120107 37.268045
0.123001 38.132443
-0.123001 38.132443
0.125895 38.995190
-0.125895 38.995190
0.128789 39.856245
-0.128789 39.856245
0.131684 40.715565
-0.131684 40.715565
0.134578 41.573107
-0.134578 41.573107
0.137472 42.428828
-0.137472 42.428828
0.140366 43.282682
-0.140366 43.282682
0.143260 44.134627
-0.143260 44.134627
0.146154 44.984617
-0.146154 44.984617
0.149048 45.832606
-0.149048 45.832606
0.151943 46.678550
-0.151943 46.678550
0.154837 47.522400
-0.154837 47.522400
0.157731 48.364111
-0.157731 48.364111
0.160625 49.203634
-0.160625 49.203634
0.163519 50.040921
-0.163519 50.040921
0.166413 50.875921
-0.166413 50.875921
0.169307 51.708585
-0.169307 51.708585
0.172202 52.538861
-0.172202 52.538861
0.175096 53.366696
-0.175096 53.366696
0.177990 54.192037
-0.177990 54.192037
0.180884 55.014829
-0.180884 55.014829
0.183778 55.835014
-0.183778 55.835014
0.186672 56.652534
-0.186672 56.652534
0.189566 57.467330
-0.189566 57.467330
0.192461 58.279337
-0.192461 58.279337
0.195355 59.088492
-0.195355 59.088492
0.198249 59.894725
-0.198249 59.894725
0.201143 60.697967
-0.201143 60.697967
0.204037 61.498141
-0.204037 61.498141
0.206931 62.295168
-0.206931 62.295168
0.209825 63.088964
-0.209825 63.088964
0.212720 63.879438
-0.212720 63.879438
0.215614 64.666491
-0.215614 64.666491
0.218508 65.450017
-0.218508 65.450017
0.221402 66.229898
-0.221402 66.229898
0.224296 67.006005
-0.224296 67.006005
0.227190 67.778192
-0.227190 67.778192
0.230084 68.546294
-0.230084 68.546294
0.232979 69.310124
-0.232979 69.310124
0.235873 70.069461
-0.235873 70.069461
0.238767 70.824049
-0.238767 70.824049
0.241661 71.573581
-0.241661 71.573581
0.244555 72.317684
-0.244555 72.317684
0.247449 73.055901
-0.247449 73.055901
0.250343 73.787657
-0.250343 73.787657
0.253238 74.512217
-0.253238 74.512217
0.256132 75.228622
-0.256132 75.228622
0.259026 75.935594
-0.259026 75.935594
0.261920 76.631387
-0.261920 76.631387
0.264814 77.313550
-0.264814 77.313550
0.267708 77.978553
-0.267708 77.978553
0.270602 78.621152
-0.270602 78.621152
0.273497 79.233332
-0.273497 79.233332
0.276391 79.802544
-0.276391 79.802544
0.279285 80.308943
-0.279285 80.308943
0.282179 80.722008
-0.282179 80.722008
0.285073 80.999738
-0.285073 80.999738
0.287967 81.098878
-0.287967 86.087135
-0.287967 86.182034
0.287967 86.182034
-0.285073 86.447040
0.285073 86.447040
-0.282179 86.838898
0.282179 86.838898
-0.279285 87.315604
0.279285 87.315604
-0.276391 87.846635
0.276391 87.846635
-0.273497 88.412144
0.273497 88.412144
-0.270602 88.999579
0.270602 88.999579
-0.267708 89.600919
0.267708 89.600919
-0.264814 90.210918
0.264814 90.210918
-0.261920 90.826038
0.261920 90.826038
-0.259026 91.443825
0.259026 91.443825
-0.256132 92.062524
0.256132 92.062524
-0.253238 92.680851
0.253238 92.680851
-0.250343 93.297839
0.250343 93.297839
-0.247449 93.912746
0.247449 93.912746
-0.244555 94.524987
0.244555 94.524987
-0.241661 95.134096
0.241661 95.134096
-0.238767 95.739690
0.238767 95.739690
-0.235873 96.341452
0.235873 96.341452
-0.232979 96.939114
0.232979 96.939114
-0.230084 97.532446
0.230084 97.532446
-0.227190 98.121247
0.227190 98.121247
-0.224296 98.705339
0.224296 98.705339
-0.221402 99.284565
0.221402 99.284565
-0.218508 99.858782
0.218508 99.858782
-0.215614 100.427858
0.215614 100.427858
-0.212720 100.991671
0.212720 100.991671
-0.209825 101.550111
0.209825 101.550111
-0.206931 102.103070
0.206931 102.103070
-0.204037 102.650448
0.204037 102.650448
-0.201143 103.192151
0.201143 103.192151
-0.198249 103.728087
0.198249 103.728087
-0.195355 104.258168
0.195355 104.258168
-0.192461 104.782310
0.192461 104.782310
-0.189566 105.300430
0.189566 105.300430
-0.186672 105.812449
0.186672 105.812449
-0.183778 106.318289
0.183778 106.318289
-0.180884 106.817874
0.180884 106.817874
-0.177990 107.311129
0.177990 107.311129
-0.175096 107.797981
0.175096 107.797981
-0.172202 108.278359
0.172202 108.278359
-0.169307 108.752190
0.169307 108.752190
-0.166413 109.219407
0.166413 109.219407
-0.163519 109.679940
0.163519 109.679940
-0.160625 110.133721
0.160625 110.133721
-0.157731 110.580683
0.157731 110.580683
-0.154837 111.020760
0.154837 111.020760
-0.151943 111.453887
0.151943 111.453887
-0.149048 111.879999
0.149048 111.879999
-0.146154 112.299032
0.146154 112.299032
-0.143260 112.710924
0.143260 112.710924
-0.140366 113.115612
0.140366 113.115612
-0.137472 113.513034
0.137472 113.513034
-0.134578 113.903130
0.134578 113.903130
-0.131684 114.285839
0.131684 114.285839
-0.128789 114.661103
0.128789 114.661103
-0.125895 115.028861
0.125895 115.028861
-0.123001 115.389058
0.123001 115.389058
-0.120107 115.741635
0.120107 115.741635
-0.117213 116.086537
0.117213 116.086537
-0.114319 116.423708
0.114319 116.423708
-0.111425 116.753094
0.111425 116.753094
-0.108530 117.074642
0.108530 117.074642
-0.105636 117.388297
0.105636 117.388297
-0.102742 117.694010
0.102742 117.694010
-0.099848 117.991729
0.099848 117.991729
-0.096954 118.281404
0.096954 118.281404
-0.094060 118.562987
0.094060 118.562987
-0.091166 118.836430
0.091166 118.836430
-0.088271 119.101686
0.088271 119.101686
-0.085377 119.358710
0.085377 119.358710
-0.082483 119.607457
0.082483 119.607457
-0.079589 119.847885
0.079589 119.847885
-0.076695 120.079951
0.076695 120.079951
-0.073801 120.303614
0.073801 120.303614
-0.070907 120.518836
0.070907 120.518836
-0.068012 120.725577
0.068012 120.725577
-0.065118 120.923801
0.065118 120.923801
-0.062224 121.113473
0.062224 121.113473
-0.059330 121.294557
0.059330 121.294557
-0.056436 121.467022
0.056436 121.467022
-0.053542 121.630836
0.053542 121.630836
-0.050648 121.785969
0.050648 121.785969
-0.047753 121.932392
0.047753 121.932392
-0.044859 122.070079
0.044859 122.070079
-0.041965 122.199003
0.041965 122.199003
-0.039071 122.319142
0.039071 122.319142
-0.036177 122.430473
0.036177 122.430473
-0.033283 122.532974
0.033283 122.532974
-0.030389 122.626627
0.030389 122.626627
-0.027494 122.711414
0.027494 122.711414
-0.024600 122.787319
0.024600 122.787319
-0.021706 122.854329
0.021706 122.854329
-0.018812 122.912429
0.018812 122.912429
-0.015918 122.961609
0.015918 122.961609
-0.013024 123.001861
0.013024 123.001861
-0.010130 123.033175
0.010130 123.033175
-0.007235 123.055547
0.007235 123.055547
-0.004341 123.068972
0.004341 123.068972
-0.001447 123.073447
0.001447 310.118338
0.001447 310.119762
-0.001447 310.119762
0.004341 310.124033
-0.004341 310.124033
0.007235 310.131147
-0.007235 310.131147
0.010130 310.141099
-0.010130 310.141099
0.013024 310.153883
-0.013024 310.153883
0.015918 310.169489
-0.015918 310.169489
0.018812 310.187906
-0.018812 310.187906
0.021706 310.209120
-0.021706 310.209120
0.024600 310.233117
-0.024600 310.233117
0.027494 310.259878
-0.027494 310.259878
0.030389 310.289385
-0.030389 310.289385
0.033283 310.321616
-0.033283 310.321616
0.036177 310.356548
-0.036177 310.356548
0.039071 310.394155
-0.039071 310.394155
0.041965 310.434410
-0.041965 310.434410
0.044859 310.477285
-0.044859 310.477285
0.047753 310.522747
-0.047753 310.522747
0.050648 310.570763
-0.050648 310.570763
0.053542 310.621299
-0.053542 310.621299
0.056436 310.674317
-0.056436 310.674317
0.059330 310.729778
-0.059330 310.729778
0.062224 310.787642
-0.062224 310.787642
0.065118 310.847866
-0.065118 310.847866
0.068012 310.910406
-0.068012 310.910406
0.070907 310.975214
-0.070907 310.975214
0.073801 311.042243
-0.073801 311.042243
0.076695 311.111444
-0.076695 311.111444
0.079589 311.182763
-0.079589 311.182763
0.082483 311.256148
-0.082483 311.256148
0.085377 311.331543
-0.085377 311.331543
0.088271 311.408891
-0.088271 311.408891
0.091166 311.488132
-0.091166 311.488132
0.094060 311.569208
-0.094060 311.569208
0.096954 311.652054
-0.096954 311.652054
0.099848 311.736608
-0.099848 311.736608
0.102742 311.822803
-0.102742 311.822803
0.105636 311.910572
-0.105636 311.910572
0.108530 311.999846
-0.108530 311.999846
0.111425 312.090554
-0.111425 312.090554
0.114319 312.182624
-0.114319 312.182624
0.117213 312.275982
-0.117213 312.275982
0.120107 312.370552
-0.120107 312.370552
0.123001 312.466256
-0.123001 312.466256
0.125895 312.563017
-0.125895 312.563017
0.128789 312.660753
-0.128789 312.660753
0.131684 312.759383
-0.131684 312.759383
0.134578 312.858823
-0.134578 312.858823
0.137472 312.958987
-0.137472 312.958987
0.140366 313.059789
-0.140366 313.059789
0.143260 313.161141
-0.143260 313.161141
0.146154 313.262952
-0.146154 313.262952
0.149048 313.365132
-0.149048 313.365132
0.151943 313.467588
-0.151943 313.467588
0.154837 313.570225
-0.154837 313.570225
0.157731 313.672949
-0.157731 313.672949
0.160625 313.775660
-0.160625 313.775660
0.163519 313.878262
-0.163519 313.878262
0.166413 313.980654
-0.166413 313.980654
0.169307 314.082735
-0.169307 314.082735
0.172202 314.184403
-0.172202 314.184403
0.175096 314.285553
-0.175096 314.285553
0.177990 314.386081
-0.177990 314.386081
0.180884 314.485882
-0.180884 314.485882
0.183778 314.584847
-0.183778 314.584847
0.186672 314.682870
-0.186672 314.682870
0.189566 314.779840
-0.189566 314.779840
0.192461 314.875649
-0.192461 314.875649
0.195355 314.970186
-0.195355 314.970186
0.198249 315.063341
-0.198249 315.063341
0.201143 315.155002
-0.201143 315.155002
0.204037 315.245058
-0.204037 315.245058
0.206931 315.333396
-0.206931 315.333396
0.209825 315.419906
-0.209825 315.419906
0.212720 315.504476
-0.212720 315.504476
0.215614 315.586994
-0.215614 315.586994
0.218508 315.667352
-0.218508 315.667352
0.221402 315.745439
-0.221402 315.745439
0.224296 315.821148
-0.224296 315.821148
0.227190 315.894370
-0.227190 315.894370
0.230084 315.965002
-0.230084 315.965002
0.232979 316.032940
-0.232979 316.032940
0.235873 316.098082
-0.235873 316.098082
0.238767 316.160330
-0.238767 316.160330
0.241661 316.219589
-0.241661 316.219589
0.244555 316.275766
-0.244555 316.275766
0.247449 316.328771
-0.247449 316.328771
0.250343 316.378520
-0.250343 316.378520
0.253238 316.424932
-0.253238 316.424932
0.256132 316.467930
-0.256132 316.467930
0.259026 316.507441
-0.259026 316.507441
0.261920 316.543400
-0.261920 316.543400
0.264814 316.575744
-0.264814 316.575744
0.267708 316.604418
-0.267708 316.604418
0.270602 316.629372
-0.270602 316.629372
0.273497 316.650563
-0.273497 316.650563
0.276391 316.667952
-0.276391 316.667952
0.279285 316.681509
-0.279285 316.681509
0.282179 316.691210
-0.282179 316.691210
0.285073 316.697038
-0.285073 316.697038
0.287967 316.698982
-0.287967 336.178609
-0.287967 336.180027
0.287967 336.180027
-0.285073 336.184279
0.285073 336.184279
-0.282179 336.191354
0.282179 336.191354
-0.279285 336.201239
0.279285 336.201239
-0.276391 336.213912
0.276391 336.213912
-0.273497 336.229346
0.273497 336.229346
-0.270602 336.247510
0.270602 336.247510
-0.267708 336.268366
0.267708 336.268366
-0.264814 336.291871
0.264814 336.291871
-0.261920 336.317976
0.261920 336.317976
-0.259026 336.346631
0.259026 336.346631
-0.256132 336.377777
0.256132 336.377777
-0.253238 336.411353
0.253238 336.411353
-0.250343 336.447295
0.250343 336.447295
-0.247449 336.485533
0.247449 336.485533
-0.244555 336.525996
0.244555 336.525996
-0.241661 336.568609
0.241661 336.568609
-0.238767 336.613295
0.238767 336.613295
-0.235873 336.659973
0.235873 336.659973
-0.232979 336.708563
0.232979 336.708563
-0.230084 336.758980
0.230084 336.758980
-0.227190 336.811140
0.227190 336.811140
-0.224296 336.864957
0.224296 336.864957
-0.221402 336.920344
0.221402 336.920344
-0.218508 336.977214
0.218508 336.977214
-0.215614 337.035479
0.215614 337.035479
-0.212720 337.095051
0.212720 337.095051
-0.209825 337.155842
0.209825 337.155842
-0.206931 337.217765
0.206931 337.217765
-0.204037 337.280732
0.204037 337.280732
-0.201143 337.344658
0.201143 337.344658
-0.198249 337.409456
0.198249 337.409456
-0.195355 337.475042
0.195355 337.475042
-0.192461 337.541333
0.192461 337.541333
-0.189566 337.608244
0.189566 337.608244
-0.186672 337.675697
0.186672 337.675697
-0.183778 337.743609
0.183778 337.743609
-0.180884 337.811903
0.180884 337.811903
-0.177990 337.880502
0.177990 337.880502
-0.175096 337.949330
0.175096 337.949330
-0.172202 338.018313
0.172202 338.018313
-0.169307 338.087379
0.169307 338.087379
-0.166413 338.156457
0.166413 338.156457
-0.163519 338.225477
0.163519 338.225477
-0.160625 338.294373
0.160625 338.294373
-0.157731 338.363079
0.157731 338.363079
-0.154837 338.431530
0.154837 338.431530
-0.151943 338.499664
0.151943 338.499664
-0.149048 338.567420
0.149048 338.567420
-0.146154 338.634740
0.146154 338.634740
-0.143260 338.701566
0.143260 338.701566
-0.140366 338.767842
0.140366 338.767842
-0.137472 338.833514
0.137472 338.833514
-0.134578 338.898530
0.134578 338.898530
-0.131684 338.962838
0.131684 338.962838
-0.128789 339.026389
0.128789 339.026389
-0.125895 339.089135
0.125895 339.089135
-0.123001 339.151031
0.123001 339.151031
-0.120107 339.212031
0.120107 339.212031
-0.117213 339.272091
0.117213 339.272091
-0.114319 339.331171
0.114319 339.331171
-0.111425 339.389229
0.111425 339.389229
-0.108530 339.446226
0.108530 339.446226
-0.105636 339.502124
0.105636 339.502124
-0.102742 339.556887
0.102742 339.556887
-0.099848 339.610481
0.099848 339.610481
-0.096954 339.662870
0.096954 339.662870
-0.094060 339.714022
0.094060 339.714022
-0.091166 339.763907
0.091166 339.763907
-0.088271 339.812494
0.088271 339.812494
-0.085377 339.859754
0.085377 339.859754
-0.082483 339.905659
0.082483 339.905659
-0.079589 339.950182
0.079589 339.950182
-0.076695 339.993298
0.076695 339.993298
-0.073801 340.034984
0.073801 340.034984
-0.070907 340.075214
0.070907 340.075214
-0.068012 340.113967
0.068012 340.113967
-0.065118 340.151223
0.065118 340.151223
-0.062224 340.186959
0.062224 340.186959
-0.059330 340.221159
0.059330 340.221159
-0.056436 340.253802
0.056436 340.253802
-0.053542 340.284873
0.053542 340.284873
-0.050648 340.314354
0.050648 340.314354
-0.047753 340.342231
0.047753 340.342231
-0.044859 340.368489
0.044859 340.368489
-0.041965 340.393115
0.041965 340.393115
-0.039071 340.416096
0.039071 340.416096
-0.036177 340.437421
0.036177 340.437421
-0.033283 340.457079
0.033283 340.457079
-0.030389 340.475060
0.030389 340.475060
-0.027494 340.491355
0.027494 340.491355
-0.024600 340.505956
0.024600 340.505956
-0.021706 340.518857
0.021706 340.518857
-0.018812 340.530050
0.018812 340.530050
-0.015918 340.539530
0.015918 340.539530
-0.013024 340.547293
0.013024 340.547293
-0.010130 340.553335
0.010130 340.553335
-0.007235 340.557652
0.007235 340.557652
-0.004341 340.560244
0.004341 340.560244
-0.001447 340.561108
