#F PtI_Par_3_Concentration
#E 1498941743
#D Sat Jul 01 13:42:23 2017
#C spec  User = SSRL\b_user62
#O0   dummy0      mono     emiss    filter    I0gain    I1gain    m0topj    m0botj
#O1   m0sslj    m0sprj    m0vert   m0pitch    m0bend    girder   montopj   monbotj
#O2  monapit   monarol   monbpit   monbrol    m1vert   m1pitch     m1yaw    m1bend
#O3  hutshut    m2elev     beamp     table      thor      vert       Ax1       Ax2
#O4      Ax3       Ax4       Ax5       Ax6       Ax7        Tz        Dz        Az
#O5       Sx        Sy        Sz        Bx     jjbot     jjtop    jjssrl   jjspear
#O6   jjhgap   jjhtran    jjvgap   jjvtran      Gthy        Gy      Gthx        Gx
#O7       Er        Sr       Eth      Echi        Bz        Tx        Px        Pz
#O8      c7t       c7y       c7p       c6t       c6y       c6p       c5t       c5y
#O9      c5p       c4t       c4y       c4p       c3t       c3y       c3p       c2t
#O10      c2y       c2p       c1t       c1y       c1p    dummy1  

#S 1  loopscan 5 3 0
#D Sat Jul 01 13:42:45 2017
#T 3  (Seconds)
#G0 0
#G1 0
#G3 0
#G4 0
#Q 
#P0 0.9 11704.998 11563.503 0 7 5 1.3017526 1.498603
#P1 3.498603 3.4986025 0.76993721 3.6999969 -8.199745 45.900067 1.4983998 1.7526035
#P2 174466 -35005 45020 12438 -3.320255 -4.6300326 -0.057150114 1.3500101
#P3 63.000049 59.400084 81.000151 89.46 14.25 92.4825 935.41 935.41
#P4 935.41 935.41 935.41 935.41 935.41 -1.8363265 -491.6 -245.80132
#P5 -0.238 2.53225 12.76 47 8.255 9.755 10 10
#P6 20 0 18.01 0.75 17.663812 0 -0.07859375 0
#P7 10.7 -90 -1.05 2.0545 21.44 0.88412698 2.5 -1
#P8 -0.515689 0.307546 -2.80637 0.0674377 -0.27375108 -3.7559447 -0.875728 0.042198523
#P9 -1.4853328 -5.16876 -0.7186528 -0.86812799 0.068802 0.39879697 -0.33073904 0.318833
#P10 -0.46893215 -0.85287258 -1.07516 0.186128 -0.21995526 50 
#N 18
#L Time  Epoch  I0  I1  MPF_top  MPF_bot  FF1  FF2  FF3  DTC_FF1  DTC_FF2  DTC_FF3  EMISSION  RAMAN  pd1  tempC  Seconds  Seconds
1.00136e-05 24 149858 1104 57686 57503 1556 0 0 1556 0 0 11562.309 2010.288 -1 22.02438 3 3
3.01869 27 166541 1104 57770 57539 1703 0 0 1703 0 0 11562.309 2010.288 -1 22.02438 3 3
6.03404 30 166444 1104 57801 57575 1726 0 0 1726 0 0 11562.309 2010.288 -1 22.02438 3 3
9.04943 33 166520 1105 57891 57736 1761 0 0 1761 0 0 11562.309 2010.288 -1 22.02438 3 3
12.064 36 166390 1106 57724 57683 1704 0 0 1704 0 0 11562.309 2010.288 -1 22.02438 3 3

#S 2  loopscan 5 3 0
#D Sat Jul 01 13:43:00 2017
#T 3  (Seconds)
#G0 0
#G1 0
#G3 0
#G4 0
#Q 
#P0 0.9 11704.998 11563.503 0 7 5 1.3017526 1.498603
#P1 3.498603 3.4986025 0.76993721 3.6999969 -8.199745 45.900067 1.4983998 1.7526035
#P2 174466 -35005 45020 12438 -3.320255 -4.6300326 -0.057150114 1.3500101
#P3 63.000049 59.400084 81.000151 89.46 14.25 92.4825 935.41 935.41
#P4 935.41 935.41 935.41 935.41 935.41 -1.8363265 -491.6 -245.80132
#P5 -0.238 2.53225 12.86 47 8.255 9.755 10 10
#P6 20 0 18.01 0.75 17.663812 0 -0.07859375 0
#P7 10.7 -90 -1.05 2.0545 21.44 0.88412698 2.5 -1
#P8 -0.515689 0.307546 -2.80637 0.0674377 -0.27375108 -3.7559447 -0.875728 0.042198523
#P9 -1.4853328 -5.16876 -0.7186528 -0.86812799 0.068802 0.39879697 -0.33073904 0.318833
#P10 -0.46893215 -0.85287258 -1.07516 0.186128 -0.21995526 50 
#N 18
#L Time  Epoch  I0  I1  MPF_top  MPF_bot  FF1  FF2  FF3  DTC_FF1  DTC_FF2  DTC_FF3  EMISSION  RAMAN  pd1  tempC  Seconds  Seconds
8.10623e-06 39 166448 1105 57672 57869 1159 0 0 1159 0 0 11562.309 2010.288 -1 22.02438 3 3
3.01516 42 166351 1106 57611 57854 1139 0 0 1139 0 0 11562.309 2010.288 -1 22.02438 3 3
6.03206 46 166347 1106 57620 57796 1182 0 0 1182 0 0 11562.309 2010.288 -1 22.02438 3 3
9.04663 49 166313 1106 57728 57812 1174 0 0 1174 0 0 11562.309 2010.288 -1 22.02438 3 3
12.0627 52 166280 1105 57782 57667 1109 0 0 1109 0 0 11562.309 2010.288 -1 22.02438 3 3

#S 3  loopscan 5 3 0
#D Sat Jul 01 13:43:16 2017
#T 3  (Seconds)
#G0 0
#G1 0
#G3 0
#G4 0
#Q 
#P0 0.9 11704.998 11563.503 0 7 5 1.3017526 1.498603
#P1 3.498603 3.4986025 0.76993721 3.6999969 -8.199745 45.900067 1.4983998 1.7526035
#P2 174466 -35005 45020 12438 -3.320255 -4.6300326 -0.057150114 1.3500101
#P3 63.000049 59.400084 81.000151 89.46 14.25 92.4825 935.41 935.41
#P4 935.41 935.41 935.41 935.41 935.41 -1.8363265 -491.6 -245.80132
#P5 0.29 2.53225 12.76 47 8.255 9.755 10 10
#P6 20 0 18.01 0.75 17.663812 0 -0.07859375 0
#P7 10.7 -90 -1.05 2.0545 21.44 0.88412698 2.5 -1
#P8 -0.515689 0.307546 -2.80637 0.0674377 -0.27375108 -3.7559447 -0.875728 0.042198523
#P9 -1.4853328 -5.16876 -0.7186528 -0.86812799 0.068802 0.39879697 -0.33073904 0.318833
#P10 -0.46893215 -0.85287258 -1.07516 0.186128 -0.21995526 50 
#N 18
#L Time  Epoch  I0  I1  MPF_top  MPF_bot  FF1  FF2  FF3  DTC_FF1  DTC_FF2  DTC_FF3  EMISSION  RAMAN  pd1  tempC  Seconds  Seconds
6.91414e-06 56 166211 1106 57780 57604 1380 0 0 1380 0 0 11562.309 2010.288 -1 22.02438 3 3
3.01358 59 166154 1107 57746 57538 1282 0 0 1282 0 0 11562.309 2010.288 -1 22.02438 3 3
6.02989 62 166233 1107 57832 57732 1338 0 0 1338 0 0 11562.309 2010.288 -1 22.02438 3 3
9.04582 65 166253 1107 57732 57863 1389 0 0 1389 0 0 11562.309 2010.288 -1 22.02438 3 3
12.0611 68 166274 1108 57868 57856 1355 0 0 1355 0 0 11562.309 2010.288 -1 22.02438 3 3

#S 4  loopscan 5 3 0
#D Sat Jul 01 13:43:32 2017
#T 3  (Seconds)
#G0 0
#G1 0
#G3 0
#G4 0
#Q 
#P0 0.9 11704.998 11563.503 0 7 5 1.3017526 1.498603
#P1 3.498603 3.4986025 0.76993721 3.6999969 -8.199745 45.900067 1.4983998 1.7526035
#P2 174466 -35005 45020 12438 -3.320255 -4.6300326 -0.057150114 1.3500101
#P3 63.000049 59.400084 81.000151 89.46 14.25 92.4825 935.41 935.41
#P4 935.41 935.41 935.41 935.41 935.41 -1.8363265 -491.6 -245.80132
#P5 0.29 2.53225 12.86 47 8.255 9.755 10 10
#P6 20 0 18.01 0.75 17.663812 0 -0.07859375 0
#P7 10.7 -90 -1.05 2.0545 21.44 0.88412698 2.5 -1
#P8 -0.515689 0.307546 -2.80637 0.0674377 -0.27375108 -3.7559447 -0.875728 0.042198523
#P9 -1.4853328 -5.16876 -0.7186528 -0.86812799 0.068802 0.39879697 -0.33073904 0.318833
#P10 -0.46893215 -0.85287258 -1.07516 0.186128 -0.21995526 50 
#N 18
#L Time  Epoch  I0  I1  MPF_top  MPF_bot  FF1  FF2  FF3  DTC_FF1  DTC_FF2  DTC_FF3  EMISSION  RAMAN  pd1  tempC  Seconds  Seconds
7.15256e-06 71 166257 1107 57867 57753 1447 0 0 1447 0 0 11562.309 2010.288 -1 22.02438 3 3
3.01478 74 166197 1107 57898 57707 1379 0 0 1379 0 0 11562.309 2010.288 -1 22.02438 3 3
6.03278 77 166220 1107 57873 57819 1414 0 0 1414 0 0 11562.309 2010.288 -1 22.02438 3 3
9.04884 80 166063 1107 57686 57693 1489 0 0 1489 0 0 11562.309 2010.288 -1 22.02438 3 3
12.0651 83 166232 1107 57817 57947 1546 0 0 1546 0 0 11562.309 2010.288 -1 22.02438 3 3

#S 5  loopscan 5 3 0
#D Sat Jul 01 13:43:48 2017
#T 3  (Seconds)
#G0 0
#G1 0
#G3 0
#G4 0
#Q 
#P0 0.9 11704.998 11563.503 0 7 5 1.3017526 1.498603
#P1 3.498603 3.4986025 0.76993721 3.6999969 -8.199745 45.900067 1.4983998 1.7526035
#P2 174466 -35005 45020 12438 -3.320255 -4.6300326 -0.057150114 1.3500101
#P3 63.000049 59.400084 81.000151 89.46 14.25 92.4825 935.41 935.41
#P4 935.41 935.41 935.41 935.41 935.41 -1.8363265 -491.6 -245.80132
#P5 -0.33 2.53225 13.1 47 8.255 9.755 10 10
#P6 20 0 18.01 0.75 17.663812 0 -0.07859375 0
#P7 10.7 -90 -1.05 2.0545 21.44 0.88412698 2.5 -1
#P8 -0.515689 0.307546 -2.80637 0.0674377 -0.27375108 -3.7559447 -0.875728 0.042198523
#P9 -1.4853328 -5.16876 -0.7186528 -0.86812799 0.068802 0.39879697 -0.33073904 0.318833
#P10 -0.46893215 -0.85287258 -1.07516 0.186128 -0.21995526 50 
#N 18
#L Time  Epoch  I0  I1  MPF_top  MPF_bot  FF1  FF2  FF3  DTC_FF1  DTC_FF2  DTC_FF3  EMISSION  RAMAN  pd1  tempC  Seconds  Seconds
7.86781e-06 87 166074 1107 57626 57906 1431 0 0 1431 0 0 11562.309 2010.288 -1 22.02438 3 3
3.016 90 166086 1107 57615 57854 1346 0 0 1346 0 0 11562.309 2010.288 -1 22.02438 3 3
6.03546 93 166130 1107 57698 57905 1419 0 0 1419 0 0 11562.309 2010.288 -1 22.02438 3 3
9.05159 96 166025 1106 57635 57817 1578 0 0 1578 0 0 11562.309 2010.288 -1 22.02438 3 3
12.0697 99 166098 1105 57705 57856 1580 0 0 1580 0 0 11562.309 2010.288 -1 22.02438 3 3

#S 6  loopscan 5 3 0
#D Sat Jul 01 13:44:04 2017
#T 3  (Seconds)
#G0 0
#G1 0
#G3 0
#G4 0
#Q 
#P0 0.9 11704.998 11563.503 0 7 5 1.3017526 1.498603
#P1 3.498603 3.4986025 0.76993721 3.6999969 -8.199745 45.900067 1.4983998 1.7526035
#P2 174466 -35005 45020 12438 -3.320255 -4.6300326 -0.057150114 1.3500101
#P3 63.000049 59.400084 81.000151 89.46 14.25 92.4825 935.41 935.41
#P4 935.41 935.41 935.41 935.41 935.41 -1.8363265 -491.6 -245.80132
#P5 -0.33 2.53225 13.2 47 8.255 9.755 10 10
#P6 20 0 18.01 0.75 17.663812 0 -0.07859375 0
#P7 10.7 -90 -1.05 2.0545 21.44 0.88412698 2.5 -1
#P8 -0.515689 0.307546 -2.80637 0.0674377 -0.27375108 -3.7559447 -0.875728 0.042198523
#P9 -1.4853328 -5.16876 -0.7186528 -0.86812799 0.068802 0.39879697 -0.33073904 0.318833
#P10 -0.46893215 -0.85287258 -1.07516 0.186128 -0.21995526 50 
#N 18
#L Time  Epoch  I0  I1  MPF_top  MPF_bot  FF1  FF2  FF3  DTC_FF1  DTC_FF2  DTC_FF3  EMISSION  RAMAN  pd1  tempC  Seconds  Seconds
8.10623e-06 103 166004 1105 57679 57729 1535 0 0 1535 0 0 11562.309 2010.288 -1 22.02438 3 3
3.0148 106 166034 1106 57807 57799 1610 0 0 1610 0 0 11562.309 2010.288 -1 22.02438 3 3
6.0308 109 165993 1105 57793 57821 1654 0 0 1654 0 0 11562.309 2010.288 -1 22.02438 3 3
9.04642 112 165869 1105 57666 57780 1581 0 0 1581 0 0 11562.309 2010.288 -1 22.02438 3 3
12.0612 115 165966 1106 57729 57950 1597 0 0 1597 0 0 11562.309 2010.288 -1 22.02438 3 3

#S 7  loopscan 5 3 0
#D Sat Jul 01 13:44:20 2017
#T 3  (Seconds)
#G0 0
#G1 0
#G3 0
#G4 0
#Q 
#P0 0.9 11704.998 11563.503 0 7 5 1.3017526 1.498603
#P1 3.498603 3.4986025 0.76993721 3.6999969 -8.199745 45.900067 1.4983998 1.7526035
#P2 174466 -35005 45020 12438 -3.320255 -4.6300326 -0.057150114 1.3500101
#P3 63.000049 59.400084 81.000151 89.46 14.25 92.4825 935.41 935.41
#P4 935.41 935.41 935.41 935.41 935.41 -1.8363265 -491.6 -245.80132
#P5 0.2 2.53225 13.1 47 8.255 9.755 10 10
#P6 20 0 18.01 0.75 17.663812 0 -0.07859375 0
#P7 10.7 -90 -1.05 2.0545 21.44 0.88412698 2.5 -1
#P8 -0.515689 0.307546 -2.80637 0.0674377 -0.27375108 -3.7559447 -0.875728 0.042198523
#P9 -1.4853328 -5.16876 -0.7186528 -0.86812799 0.068802 0.39879697 -0.33073904 0.318833
#P10 -0.46893215 -0.85287258 -1.07516 0.186128 -0.21995526 50 
#N 18
#L Time  Epoch  I0  I1  MPF_top  MPF_bot  FF1  FF2  FF3  DTC_FF1  DTC_FF2  DTC_FF3  EMISSION  RAMAN  pd1  tempC  Seconds  Seconds
7.15256e-06 119 165945 1107 57715 57983 466 0 0 466 0 0 11562.309 2010.288 -1 22.02438 3 3
3.01372 122 165931 1107 57702 57926 464 0 0 464 0 0 11562.309 2010.288 -1 22.02438 3 3
6.03179 125 165923 1107 57811 57934 464 0 0 464 0 0 11562.309 2010.288 -1 22.02438 3 3
9.04859 128 165932 1107 57847 57934 522 0 0 522 0 0 11562.309 2010.288 -1 22.02438 3 3
12.0645 131 165926 1107 57899 57993 536 0 0 536 0 0 11562.309 2010.288 -1 22.02438 3 3

#S 8  loopscan 5 3 0
#D Sat Jul 01 13:44:35 2017
#T 3  (Seconds)
#G0 0
#G1 0
#G3 0
#G4 0
#Q 
#P0 0.9 11704.998 11563.503 0 7 5 1.3017526 1.498603
#P1 3.498603 3.4986025 0.76993721 3.6999969 -8.199745 45.900067 1.4983998 1.7526035
#P2 174466 -35005 45020 12438 -3.320255 -4.6300326 -0.057150114 1.3500101
#P3 63.000049 59.400084 81.000151 89.46 14.25 92.4825 935.41 935.41
#P4 935.41 935.41 935.41 935.41 935.41 -1.8363265 -491.6 -245.80132
#P5 0.2 2.53225 13.2 47 8.255 9.755 10 10
#P6 20 0 18.01 0.75 17.663812 0 -0.07859375 0
#P7 10.7 -90 -1.05 2.0545 21.44 0.88412698 2.5 -1
#P8 -0.515689 0.307546 -2.80637 0.0674377 -0.27375108 -3.7559447 -0.875728 0.042198523
#P9 -1.4853328 -5.16876 -0.7186528 -0.86812799 0.068802 0.39879697 -0.33073904 0.318833
#P10 -0.46893215 -0.85287258 -1.07516 0.186128 -0.21995526 50 
#N 18
#L Time  Epoch  I0  I1  MPF_top  MPF_bot  FF1  FF2  FF3  DTC_FF1  DTC_FF2  DTC_FF3  EMISSION  RAMAN  pd1  tempC  Seconds  Seconds
6.91414e-06 134 165767 1107 57682 57821 1581 0 0 1581 0 0 11562.309 2010.288 -1 22.02438 3 3
3.01541 137 165915 1108 57859 58053 1647 0 0 1647 0 0 11562.309 2010.288 -1 22.02438 3 3
6.03171 140 165863 1108 57880 57887 1772 0 0 1772 0 0 11562.309 2010.288 -1 22.02438 3 3
9.04748 143 165917 1107 57930 57969 1790 0 0 1790 0 0 11562.309 2010.288 -1 22.02438 3 3
12.0638 146 165850 1107 57896 57954 1865 0 0 1865 0 0 11562.309 2010.288 -1 22.02438 3 3

#S 9  loopscan 5 3 0
#D Sat Jul 01 13:44:51 2017
#T 3  (Seconds)
#G0 0
#G1 0
#G3 0
#G4 0
#Q 
#P0 0.9 11704.998 11563.503 0 7 5 1.3017526 1.498603
#P1 3.498603 3.4986025 0.76993721 3.6999969 -8.199745 45.900067 1.4983998 1.7526035
#P2 174466 -35005 45020 12438 -3.320255 -4.6300326 -0.057150114 1.3500101
#P3 63.000049 59.400084 81.000151 89.46 14.25 92.4825 935.41 935.41
#P4 935.41 935.41 935.41 935.41 935.41 -1.8363265 -491.6 -245.80132
#P5 -0.27 2.53225 13.53 47 8.255 9.755 10 10
#P6 20 0 18.01 0.75 17.663812 0 -0.07859375 0
#P7 10.7 -90 -1.05 2.0545 21.44 0.88412698 2.5 -1
#P8 -0.515689 0.307546 -2.80637 0.0674377 -0.27375108 -3.7559447 -0.875728 0.042198523
#P9 -1.4853328 -5.16876 -0.7186528 -0.86812799 0.068802 0.39879697 -0.33073904 0.318833
#P10 -0.46893215 -0.85287258 -1.07516 0.186128 -0.21995526 50 
#N 18
#L Time  Epoch  I0  I1  MPF_top  MPF_bot  FF1  FF2  FF3  DTC_FF1  DTC_FF2  DTC_FF3  EMISSION  RAMAN  pd1  tempC  Seconds  Seconds
6.91414e-06 150 165860 1108 57964 58023 2319 0 0 2319 0 0 11562.309 2010.288 -1 22.02438 3 3
3.01508 154 165802 1108 57898 57959 2278 0 0 2278 0 0 11562.309 2010.288 -1 22.02438 3 3
6.03152 157 165711 1108 57797 57822 2261 0 0 2261 0 0 11562.309 2010.288 -1 22.02438 3 3
9.04687 160 166470 1108 57930 57929 2157 0 0 2157 0 0 11562.309 2010.288 -1 22.02438 3 3
12.063 163 167272 1106 57858 57709 2320 0 0 2320 0 0 11562.309 2010.288 -1 22.02438 3 3

#S 10  loopscan 5 3 0
#D Sat Jul 01 13:45:07 2017
#T 3  (Seconds)
#G0 0
#G1 0
#G3 0
#G4 0
#Q 
#P0 0.9 11704.998 11563.503 0 7 5 1.3017526 1.498603
#P1 3.498603 3.4986025 0.76993721 3.6999969 -8.199745 45.900067 1.4983998 1.7526035
#P2 174466 -35005 45020 12438 -3.320255 -4.6300326 -0.057150114 1.3500101
#P3 63.000049 59.400084 81.000151 89.46 14.25 92.4825 935.41 935.41
#P4 935.41 935.41 935.41 935.41 935.41 -1.8363265 -491.6 -245.80132
#P5 -0.27 2.53225 13.63 47 8.255 9.755 10 10
#P6 20 0 18.01 0.75 17.663812 0 -0.07859375 0
#P7 10.7 -90 -1.05 2.0545 21.44 0.88412698 2.5 -1
#P8 -0.515689 0.307546 -2.80637 0.0674377 -0.27375108 -3.7559447 -0.875728 0.042198523
#P9 -1.4853328 -5.16876 -0.7186528 -0.86812799 0.068802 0.39879697 -0.33073904 0.318833
#P10 -0.46893215 -0.85287258 -1.07516 0.186128 -0.21995526 50 
#N 18
#L Time  Epoch  I0  I1  MPF_top  MPF_bot  FF1  FF2  FF3  DTC_FF1  DTC_FF2  DTC_FF3  EMISSION  RAMAN  pd1  tempC  Seconds  Seconds
6.91414e-06 166 167723 1107 57877 57634 1529 0 0 1529 0 0 11562.309 2010.288 -1 22.02438 3 3
3.01475 169 167533 1105 57728 57475 1454 0 0 1454 0 0 11562.309 2010.288 -1 22.02438 3 3
6.03078 172 167632 1105 57812 57582 1497 0 0 1497 0 0 11562.309 2010.288 -1 22.02438 3 3
9.0479 175 167513 1105 57595 57575 1513 0 0 1513 0 0 11562.309 2010.288 -1 22.02438 3 3
12.063 178 167582 1106 57539 57741 1597 0 0 1597 0 0 11562.309 2010.288 -1 22.02438 3 3

#S 11  loopscan 5 3 0
#D Sat Jul 01 13:45:23 2017
#T 3  (Seconds)
#G0 0
#G1 0
#G3 0
#G4 0
#Q 
#P0 0.9 11704.998 11563.503 0 7 5 1.3017526 1.498603
#P1 3.498603 3.4986025 0.76993721 3.6999969 -8.199745 45.900067 1.4983998 1.7526035
#P2 174466 -35005 45020 12438 -3.320255 -4.6300326 -0.057150114 1.3500101
#P3 63.000049 59.400084 81.000151 89.46 14.25 92.4825 935.41 935.41
#P4 935.41 935.41 935.41 935.41 935.41 -1.8363265 -491.6 -245.80132
#P5 0.27 2.53225 13.53 47 8.255 9.755 10 10
#P6 20 0 18.01 0.75 17.663812 0 -0.07859375 0
#P7 10.7 -90 -1.05 2.0545 21.44 0.88412698 2.5 -1
#P8 -0.515689 0.307546 -2.80637 0.0674377 -0.27375108 -3.7559447 -0.875728 0.042198523
#P9 -1.4853328 -5.16876 -0.7186528 -0.86812799 0.068802 0.39879697 -0.33073904 0.318833
#P10 -0.46893215 -0.85287258 -1.07516 0.186128 -0.21995526 50 
#N 18
#L Time  Epoch  I0  I1  MPF_top  MPF_bot  FF1  FF2  FF3  DTC_FF1  DTC_FF2  DTC_FF3  EMISSION  RAMAN  pd1  tempC  Seconds  Seconds
6.91414e-06 182 167608 1105 57649 57776 816 0 0 816 0 0 11562.309 2010.288 -1 22.02438 3 3
3.01511 185 167530 1106 57608 57686 902 0 0 902 0 0 11562.309 2010.288 -1 22.02438 3 3
6.03113 188 167510 1105 57618 57640 926 0 0 926 0 0 11562.309 2010.288 -1 22.02438 3 3
9.04818 191 167452 1107 57640 57587 968 0 0 968 0 0 11562.309 2010.288 -1 22.02438 3 3
12.0655 194 167468 1106 57734 57612 1041 0 0 1041 0 0 11562.309 2010.288 -1 22.02438 3 3

#S 12  loopscan 5 3 0
#D Sat Jul 01 13:45:38 2017
#T 3  (Seconds)
#G0 0
#G1 0
#G3 0
#G4 0
#Q 
#P0 0.9 11704.998 11563.503 0 7 5 1.3017526 1.498603
#P1 3.498603 3.4986025 0.76993721 3.6999969 -8.199745 45.900067 1.4983998 1.7526035
#P2 174466 -35005 45020 12438 -3.320255 -4.6300326 -0.057150114 1.3500101
#P3 63.000049 59.400084 81.000151 89.46 14.25 92.4825 935.41 935.41
#P4 935.41 935.41 935.41 935.41 935.41 -1.8363265 -491.6 -245.80132
#P5 0.27 2.53225 13.63 47 8.255 9.755 10 10
#P6 20 0 18.01 0.75 17.663812 0 -0.07859375 0
#P7 10.7 -90 -1.05 2.0545 21.44 0.88412698 2.5 -1
#P8 -0.515689 0.307546 -2.80637 0.0674377 -0.27375108 -3.7559447 -0.875728 0.042198523
#P9 -1.4853328 -5.16876 -0.7186528 -0.86812799 0.068802 0.39879697 -0.33073904 0.318833
#P10 -0.46893215 -0.85287258 -1.07516 0.186128 -0.21995526 50 
#N 18
#L Time  Epoch  I0  I1  MPF_top  MPF_bot  FF1  FF2  FF3  DTC_FF1  DTC_FF2  DTC_FF3  EMISSION  RAMAN  pd1  tempC  Seconds  Seconds
9.05991e-06 197 167481 1106 57820 57651 1514 0 0 1514 0 0 11562.309 2010.288 -1 22.02438 3 3
3.01764 200 167415 1106 57762 57641 1551 0 0 1551 0 0 11562.309 2010.288 -1 22.02438 3 3
6.03536 203 167492 1107 57765 57834 1634 0 0 1634 0 0 11562.309 2010.288 -1 22.02438 3 3
9.05239 206 167407 1107 57614 57826 1547 0 0 1547 0 0 11562.309 2010.288 -1 22.02438 3 3
12.0684 209 167486 1107 57742 57951 1630 0 0 1630 0 0 11562.309 2010.288 -1 22.02438 3 3

#S 13  loopscan 5 3 0
#D Sat Jul 01 13:45:55 2017
#T 3  (Seconds)
#G0 0
#G1 0
#G3 0
#G4 0
#Q 
#P0 0.9 11704.998 11563.503 0 7 5 1.3017526 1.498603
#P1 3.498603 3.4986025 0.76993721 3.6999969 -8.199745 45.900067 1.4983998 1.7526035
#P2 174466 -35005 45020 12438 -3.320255 -4.6300326 -0.057150114 1.3500101
#P3 63.000049 59.400084 81.000151 89.46 14.25 92.4825 935.41 935.41
#P4 935.41 935.41 935.41 935.41 935.41 -1.8363265 -491.6 -245.80132
#P5 -0.26 2.53225 14.5 47 8.255 9.755 10 10
#P6 20 0 18.01 0.75 17.663812 0 -0.07859375 0
#P7 10.7 -90 -1.05 2.0545 21.44 0.88412698 2.5 -1
#P8 -0.515689 0.307546 -2.80637 0.0674377 -0.27375108 -3.7559447 -0.875728 0.042198523
#P9 -1.4853328 -5.16876 -0.7186528 -0.86812799 0.068802 0.39879697 -0.33073904 0.318833
#P10 -0.46893215 -0.85287258 -1.07516 0.186128 -0.21995526 50 
#N 18
#L Time  Epoch  I0  I1  MPF_top  MPF_bot  FF1  FF2  FF3  DTC_FF1  DTC_FF2  DTC_FF3  EMISSION  RAMAN  pd1  tempC  Seconds  Seconds
7.86781e-06 214 167438 1108 57687 57937 2299 0 0 2299 0 0 11562.309 2010.288 -1 22.02438 3 3
3.01514 217 167609 1107 57801 57996 2268 0 0 2268 0 0 11562.309 2010.288 -1 22.02438 3 3
6.03625 220 167609 1107 57775 58110 2284 0 0 2284 0 0 11562.309 2010.288 -1 22.02438 3 3
9.05418 223 167486 1107 57717 57961 2361 0 0 2361 0 0 11562.309 2010.288 -1 22.02438 3 3
12.0714 226 167454 1107 57793 57891 2161 0 0 2161 0 0 11562.309 2010.288 -1 22.02438 3 3

#S 14  loopscan 5 3 0
#D Sat Jul 01 13:46:10 2017
#T 3  (Seconds)
#G0 0
#G1 0
#G3 0
#G4 0
#Q 
#P0 0.9 11704.998 11563.503 0 7 5 1.3017526 1.498603
#P1 3.498603 3.4986025 0.76993721 3.6999969 -8.199745 45.900067 1.4983998 1.7526035
#P2 174466 -35005 45020 12438 -3.320255 -4.6300326 -0.057150114 1.3500101
#P3 63.000049 59.400084 81.000151 89.46 14.25 92.4825 935.41 935.41
#P4 935.41 935.41 935.41 935.41 935.41 -1.8363265 -491.6 -245.80132
#P5 -0.26 2.53225 14.6 47 8.255 9.755 10 10
#P6 20 0 18.01 0.75 17.663812 0 -0.07859375 0
#P7 10.7 -90 -1.05 2.0545 21.44 0.88412698 2.5 -1
#P8 -0.515689 0.307546 -2.80637 0.0674377 -0.27375108 -3.7559447 -0.875728 0.042198523
#P9 -1.4853328 -5.16876 -0.7186528 -0.86812799 0.068802 0.39879697 -0.33073904 0.318833
#P10 -0.46893215 -0.85287258 -1.07516 0.186128 -0.21995526 50 
#N 18
#L Time  Epoch  I0  I1  MPF_top  MPF_bot  FF1  FF2  FF3  DTC_FF1  DTC_FF2  DTC_FF3  EMISSION  RAMAN  pd1  tempC  Seconds  Seconds
7.86781e-06 229 167361 1107 57789 57802 1568 0 0 1568 0 0 11562.309 2010.288 -1 22.02438 3 3
3.01621 232 167339 1107 57830 57783 1535 0 0 1535 0 0 11562.309 2010.288 -1 22.02438 3 3
6.03561 236 167385 1106 57869 57842 1572 0 0 1572 0 0 11562.309 2010.288 -1 22.02438 3 3
9.05169 239 167155 1107 57704 57706 1631 0 0 1631 0 0 11562.309 2010.288 -1 22.02438 3 3
12.0692 242 167308 1106 57859 57881 1640 0 0 1640 0 0 11562.309 2010.288 -1 22.02438 3 3

#S 15  loopscan 5 3 0
#D Sat Jul 01 13:46:26 2017
#T 3  (Seconds)
#G0 0
#G1 0
#G3 0
#G4 0
#Q 
#P0 0.9 11704.998 11563.503 0 7 5 1.3017526 1.498603
#P1 3.498603 3.4986025 0.76993721 3.6999969 -8.199745 45.900067 1.4983998 1.7526035
#P2 174466 -35005 45020 12438 -3.320255 -4.6300326 -0.057150114 1.3500101
#P3 63.000049 59.400084 81.000151 89.46 14.25 92.4825 935.41 935.41
#P4 935.41 935.41 935.41 935.41 935.41 -1.8363265 -491.6 -245.80132
#P5 0.23 2.53225 14.5 47 8.255 9.755 10 10
#P6 20 0 18.01 0.75 17.663812 0 -0.07859375 0
#P7 10.7 -90 -1.05 2.0545 21.44 0.88412698 2.5 -1
#P8 -0.515689 0.307546 -2.80637 0.0674377 -0.27375108 -3.7559447 -0.875728 0.042198523
#P9 -1.4853328 -5.16876 -0.7186528 -0.86812799 0.068802 0.39879697 -0.33073904 0.318833
#P10 -0.46893215 -0.85287258 -1.07516 0.186128 -0.21995526 50 
#N 18
#L Time  Epoch  I0  I1  MPF_top  MPF_bot  FF1  FF2  FF3  DTC_FF1  DTC_FF2  DTC_FF3  EMISSION  RAMAN  pd1  tempC  Seconds  Seconds
9.05991e-06 246 167172 1107 57805 57762 1479 0 0 1479 0 0 11562.309 2010.288 -1 22.02438 3 3
3.01523 249 167174 1106 57819 57720 1490 0 0 1490 0 0 11562.309 2010.288 -1 22.02438 3 3
6.03348 252 167199 1106 57965 57708 1510 0 0 1510 0 0 11562.309 2010.288 -1 22.02438 3 3
9.05024 255 167131 1107 58035 57653 1588 0 0 1588 0 0 11562.309 2010.288 -1 22.02438 3 3
12.0682 258 167022 1107 57869 57616 1585 0 0 1585 0 0 11562.309 2010.288 -1 22.02438 3 3

#S 16  loopscan 5 3 0
#D Sat Jul 01 13:46:42 2017
#T 3  (Seconds)
#G0 0
#G1 0
#G3 0
#G4 0
#Q 
#P0 0.9 11704.998 11563.503 0 7 5 1.3017526 1.498603
#P1 3.498603 3.4986025 0.76993721 3.6999969 -8.199745 45.900067 1.4983998 1.7526035
#P2 174466 -35005 45020 12438 -3.320255 -4.6300326 -0.057150114 1.3500101
#P3 63.000049 59.400084 81.000151 89.46 14.25 92.4825 935.41 935.41
#P4 935.41 935.41 935.41 935.41 935.41 -1.8363265 -491.6 -245.80132
#P5 0.23 2.53225 14.6 47 8.255 9.755 10 10
#P6 20 0 18.01 0.75 17.663812 0 -0.07859375 0
#P7 10.7 -90 -1.05 2.0545 21.44 0.88412698 2.5 -1
#P8 -0.515689 0.307546 -2.80637 0.0674377 -0.27375108 -3.7559447 -0.875728 0.042198523
#P9 -1.4853328 -5.16876 -0.7186528 -0.86812799 0.068802 0.39879697 -0.33073904 0.318833
#P10 -0.46893215 -0.85287258 -1.07516 0.186128 -0.21995526 50 
#N 18
#L Time  Epoch  I0  I1  MPF_top  MPF_bot  FF1  FF2  FF3  DTC_FF1  DTC_FF2  DTC_FF3  EMISSION  RAMAN  pd1  tempC  Seconds  Seconds
7.15256e-06 261 167042 1108 57918 57692 1982 0 0 1982 0 0 11562.309 2010.288 -1 22.02438 3 3
3.01675 264 167005 1108 57923 57713 1999 0 0 1999 0 0 11562.309 2010.288 -1 22.02438 3 3
6.03448 267 166936 1107 57835 57673 1912 0 0 1912 0 0 11562.309 2010.288 -1 22.02438 3 3
9.04937 270 166946 1107 57824 57703 1974 0 0 1974 0 0 11562.309 2010.288 -1 22.02438 3 3
12.0669 273 167027 1106 57851 57891 2019 0 0 2019 0 0 11562.309 2010.288 -1 22.02438 3 3

#S 17  loopscan 5 3 0
#D Sat Jul 01 13:46:58 2017
#T 3  (Seconds)
#G0 0
#G1 0
#G3 0
#G4 0
#Q 
#P0 0.9 11704.998 11563.503 0 7 5 1.3017526 1.498603
#P1 3.498603 3.4986025 0.76993721 3.6999969 -8.199745 45.900067 1.4983998 1.7526035
#P2 174466 -35005 45020 12438 -3.320255 -4.6300326 -0.057150114 1.3500101
#P3 63.000049 59.400084 81.000151 89.46 14.25 92.4825 935.41 935.41
#P4 935.41 935.41 935.41 935.41 935.41 -1.8363265 -491.6 -245.80132
#P5 0.4 2.53225 14.93 47 8.255 9.755 10 10
#P6 20 0 18.01 0.75 17.663812 0 -0.07859375 0
#P7 10.7 -90 -1.05 2.0545 21.44 0.88412698 2.5 -1
#P8 -0.515689 0.307546 -2.80637 0.0674377 -0.27375108 -3.7559447 -0.875728 0.042198523
#P9 -1.4853328 -5.16876 -0.7186528 -0.86812799 0.068802 0.39879697 -0.33073904 0.318833
#P10 -0.46893215 -0.85287258 -1.07516 0.186128 -0.21995526 50 
#N 18
#L Time  Epoch  I0  I1  MPF_top  MPF_bot  FF1  FF2  FF3  DTC_FF1  DTC_FF2  DTC_FF3  EMISSION  RAMAN  pd1  tempC  Seconds  Seconds
7.15256e-06 277 166875 1107 57621 57833 986 0 0 986 0 0 11562.309 2010.288 -1 22.02438 3 3
3.01725 280 167024 1107 57682 58007 972 0 0 972 0 0 11562.309 2010.288 -1 22.02438 3 3
6.03405 283 166953 1108 57641 57976 1022 0 0 1022 0 0 11562.309 2010.288 -1 22.02438 3 3
9.05085 286 166793 1107 57645 57759 1078 0 0 1078 0 0 11562.309 2010.288 -1 22.02438 3 3
12.0686 289 166814 1107 57761 57748 1129 0 0 1129 0 0 11562.309 2010.288 -1 22.02438 3 3

#S 18  loopscan 5 3 0
#D Sat Jul 01 13:47:13 2017
#T 3  (Seconds)
#G0 0
#G1 0
#G3 0
#G4 0
#Q 
#P0 0.9 11704.998 11563.503 0 7 5 1.3017526 1.498603
#P1 3.498603 3.4986025 0.76993721 3.6999969 -8.199745 45.900067 1.4983998 1.7526035
#P2 174466 -35005 45020 12438 -3.320255 -4.6300326 -0.057150114 1.3500101
#P3 63.000049 59.400084 81.000151 89.46 14.25 92.4825 935.41 935.41
#P4 935.41 935.41 935.41 935.41 935.41 -1.8363265 -491.6 -245.80132
#P5 0.4 2.53225 15.03 47 8.255 9.755 10 10
#P6 20 0 18.01 0.75 17.663812 0 -0.07859375 0
#P7 10.7 -90 -1.05 2.0545 21.44 0.88412698 2.5 -1
#P8 -0.515689 0.307546 -2.80637 0.0674377 -0.27375108 -3.7559447 -0.875728 0.042198523
#P9 -1.4853328 -5.16876 -0.7186528 -0.86812799 0.068802 0.39879697 -0.33073904 0.318833
#P10 -0.46893215 -0.85287258 -1.07516 0.186128 -0.21995526 50 
#N 18
#L Time  Epoch  I0  I1  MPF_top  MPF_bot  FF1  FF2  FF3  DTC_FF1  DTC_FF2  DTC_FF3  EMISSION  RAMAN  pd1  tempC  Seconds  Seconds
9.05991e-06 292 166632 1106 57682 57640 1567 0 0 1567 0 0 11562.309 2010.288 -1 22.02438 3 3
3.01667 295 166685 1106 57759 57770 1655 0 0 1655 0 0 11562.309 2010.288 -1 22.02438 3 3
6.0363 298 166733 1107 57769 57800 1609 0 0 1609 0 0 11562.309 2010.288 -1 22.02438 3 3
9.0535 301 166576 1107 57741 57604 1589 0 0 1589 0 0 11562.309 2010.288 -1 22.02438 3 3
12.0696 304 166556 1106 57744 57609 1691 0 0 1691 0 0 11562.309 2010.288 -1 22.02438 3 3

#S 19  loopscan 5 3 0
#D Sat Jul 01 13:47:29 2017
#T 3  (Seconds)
#G0 0
#G1 0
#G3 0
#G4 0
#Q 
#P0 0.9 11704.998 11563.503 0 7 5 1.3017526 1.498603
#P1 3.498603 3.4986025 0.76993721 3.6999969 -8.199745 45.900067 1.4983998 1.7526035
#P2 174466 -35005 45020 12438 -3.320255 -4.6300326 -0.057150114 1.3500101
#P3 63.000049 59.400084 81.000151 89.46 14.25 92.4825 935.41 935.41
#P4 935.41 935.41 935.41 935.41 935.41 -1.8363265 -491.6 -245.80132
#P5 0 2.53225 14.93 47 8.255 9.755 10 10
#P6 20 0 18.01 0.75 17.663812 0 -0.07859375 0
#P7 10.7 -90 -1.05 2.0545 21.44 0.88412698 2.5 -1
#P8 -0.515689 0.307546 -2.80637 0.0674377 -0.27375108 -3.7559447 -0.875728 0.042198523
#P9 -1.4853328 -5.16876 -0.7186528 -0.86812799 0.068802 0.39879697 -0.33073904 0.318833
#P10 -0.46893215 -0.85287258 -1.07516 0.186128 -0.21995526 50 
#N 18
#L Time  Epoch  I0  I1  MPF_top  MPF_bot  FF1  FF2  FF3  DTC_FF1  DTC_FF2  DTC_FF3  EMISSION  RAMAN  pd1  tempC  Seconds  Seconds
6.91414e-06 308 166484 1106 57705 57637 1338 0 0 1338 0 0 11562.309 2010.288 -1 22.02438 3 3
3.01587 311 166533 1106 57788 57555 1388 0 0 1388 0 0 11562.309 2010.288 -1 22.02438 3 3
6.03178 314 166465 1106 57791 57509 1397 0 0 1397 0 0 11562.309 2010.288 -1 22.02438 3 3
9.04917 317 166528 1105 57873 57647 1464 0 0 1464 0 0 11562.309 2010.288 -1 22.02438 3 3
12.0655 320 166435 1106 57806 57599 1428 0 0 1428 0 0 11562.309 2010.288 -1 22.02438 3 3

#S 20  loopscan 5 3 0
#D Sat Jul 01 13:47:44 2017
#T 3  (Seconds)
#G0 0
#G1 0
#G3 0
#G4 0
#Q 
#P0 0.9 11704.998 11563.503 0 7 5 1.3017526 1.498603
#P1 3.498603 3.4986025 0.76993721 3.6999969 -8.199745 45.900067 1.4983998 1.7526035
#P2 174466 -35005 45020 12438 -3.320255 -4.6300326 -0.057150114 1.3500101
#P3 63.000049 59.400084 81.000151 89.46 14.25 92.4825 935.41 935.41
#P4 935.41 935.41 935.41 935.41 935.41 -1.8363265 -491.6 -245.80132
#P5 0 2.53225 15.03 47 8.255 9.755 10 10
#P6 20 0 18.01 0.75 17.663812 0 -0.07859375 0
#P7 10.7 -90 -1.05 2.0545 21.44 0.88412698 2.5 -1
#P8 -0.515689 0.307546 -2.80637 0.0674377 -0.27375108 -3.7559447 -0.875728 0.042198523
#P9 -1.4853328 -5.16876 -0.7186528 -0.86812799 0.068802 0.39879697 -0.33073904 0.318833
#P10 -0.46893215 -0.85287258 -1.07516 0.186128 -0.21995526 50 
#N 18
#L Time  Epoch  I0  I1  MPF_top  MPF_bot  FF1  FF2  FF3  DTC_FF1  DTC_FF2  DTC_FF3  EMISSION  RAMAN  pd1  tempC  Seconds  Seconds
7.86781e-06 324 166423 1106 57688 57703 1895 0 0 1895 0 0 11562.309 2010.288 -1 22.02438 3 3
3.01546 327 166456 1106 57656 57836 1859 0 0 1859 0 0 11562.309 2010.288 -1 22.02438 3 3
6.03161 330 166474 1107 57702 57846 1831 0 0 1831 0 0 11562.309 2010.288 -1 22.02438 3 3
9.04703 333 166459 1106 57770 57808 1955 0 0 1955 0 0 11562.309 2010.288 -1 22.02438 3 3
12.0626 336 166377 1106 57715 57803 1944 0 0 1944 0 0 11562.309 2010.288 -1 22.02438 3 3

#S 21  loopscan 5 3 0
#D Sat Jul 01 13:48:01 2017
#T 3  (Seconds)
#G0 0
#G1 0
#G3 0
#G4 0
#Q 
#P0 0.9 11704.998 11563.503 0 7 5 1.3017526 1.498603
#P1 3.498603 3.4986025 0.76993721 3.6999969 -8.199745 45.900067 1.4983998 1.7526035
#P2 174466 -35005 45020 12438 -3.320255 -4.6300326 -0.057150114 1.3500101
#P3 63.000049 59.400084 81.000151 89.46 14.25 92.4825 935.41 935.41
#P4 935.41 935.41 935.41 935.41 935.41 -1.8363265 -491.6 -245.80132
#P5 -0.41 2.53225 14.93 47 8.255 9.755 10 10
#P6 20 0 18.01 0.75 17.663812 0 -0.07859375 0
#P7 10.7 -90 -1.05 2.0545 21.44 0.88412698 2.5 -1
#P8 -0.515689 0.307546 -2.80637 0.0674377 -0.27375108 -3.7559447 -0.875728 0.042198523
#P9 -1.4853328 -5.16876 -0.7186528 -0.86812799 0.068802 0.39879697 -0.33073904 0.318833
#P10 -0.46893215 -0.85287258 -1.07516 0.186128 -0.21995526 50 
#N 18
#L Time  Epoch  I0  I1  MPF_top  MPF_bot  FF1  FF2  FF3  DTC_FF1  DTC_FF2  DTC_FF3  EMISSION  RAMAN  pd1  tempC  Seconds  Seconds
7.86781e-06 340 166287 1104 57725 57703 1848 0 0 1848 0 0 11562.309 2010.288 -1 22.02438 3 3
3.0152 343 166335 1105 57698 57701 1968 0 0 1968 0 0 11562.309 2010.288 -1 22.02438 3 3
6.03313 346 166388 1104 57701 57888 1943 0 0 1943 0 0 11562.309 2010.288 -1 22.02438 3 3
9.05024 349 166321 1105 57555 57902 2074 0 0 2074 0 0 11562.309 2010.288 -1 22.02438 3 3
12.067 352 166359 1105 57627 57951 2207 0 0 2207 0 0 11562.309 2010.288 -1 22.02438 3 3

#S 22  loopscan 5 3 0
#D Sat Jul 01 13:48:16 2017
#T 3  (Seconds)
#G0 0
#G1 0
#G3 0
#G4 0
#Q 
#P0 0.9 11704.998 11563.503 0 7 5 1.3017526 1.498603
#P1 3.498603 3.4986025 0.76993721 3.6999969 -8.199745 45.900067 1.4983998 1.7526035
#P2 174466 -35005 45020 12438 -3.320255 -4.6300326 -0.057150114 1.3500101
#P3 63.000049 59.400084 81.000151 89.46 14.25 92.4825 935.41 935.41
#P4 935.41 935.41 935.41 935.41 935.41 -1.8363265 -491.6 -245.80132
#P5 -0.41 2.53225 15.03 47 8.255 9.755 10 10
#P6 20 0 18.01 0.75 17.663812 0 -0.07859375 0
#P7 10.7 -90 -1.05 2.0545 21.44 0.88412698 2.5 -1
#P8 -0.515689 0.307546 -2.80637 0.0674377 -0.27375108 -3.7559447 -0.875728 0.042198523
#P9 -1.4853328 -5.16876 -0.7186528 -0.86812799 0.068802 0.39879697 -0.33073904 0.318833
#P10 -0.46893215 -0.85287258 -1.07516 0.186128 -0.21995526 50 
#N 18
#L Time  Epoch  I0  I1  MPF_top  MPF_bot  FF1  FF2  FF3  DTC_FF1  DTC_FF2  DTC_FF3  EMISSION  RAMAN  pd1  tempC  Seconds  Seconds
8.10623e-06 355 166304 1104 57723 57827 1481 0 0 1481 0 0 11562.309 2010.288 -1 22.02438 3 3
3.01726 358 166303 1104 57881 57748 1444 0 0 1444 0 0 11562.309 2010.288 -1 22.02438 3 3
6.03425 361 166251 1106 57927 57651 1463 0 0 1463 0 0 11562.309 2010.288 -1 22.02438 3 3
9.05096 364 166128 1105 57851 57585 1438 0 0 1438 0 0 11562.309 2010.288 -1 22.02438 3 3
12.0671 367 165953 1106 57633 57501 1478 0 0 1478 0 0 11562.309 2010.288 -1 22.02438 3 3

#S 23  loopscan 5 3 0
#D Sat Jul 01 13:48:32 2017
#T 3  (Seconds)
#G0 0
#G1 0
#G3 0
#G4 0
#Q 
#P0 0.9 11704.998 11563.503 0 7 5 1.3017526 1.498603
#P1 3.498603 3.4986025 0.76993721 3.6999969 -8.199745 45.900067 1.4983998 1.7526035
#P2 174466 -35005 45020 12438 -3.320255 -4.6300326 -0.057150114 1.3500101
#P3 63.000049 59.400084 81.000151 89.46 14.25 92.4825 935.41 935.41
#P4 935.41 935.41 935.41 935.41 935.41 -1.8363265 -491.6 -245.80132
#P5 -0.32 2.53225 15.31 47 8.255 9.755 10 10
#P6 20 0 18.01 0.75 17.663812 0 -0.07859375 0
#P7 10.7 -90 -1.05 2.0545 21.44 0.88412698 2.5 -1
#P8 -0.515689 0.307546 -2.80637 0.0674377 -0.27375108 -3.7559447 -0.875728 0.042198523
#P9 -1.4853328 -5.16876 -0.7186528 -0.86812799 0.068802 0.39879697 -0.33073904 0.318833
#P10 -0.46893215 -0.85287258 -1.07516 0.186128 -0.21995526 50 
#N 18
#L Time  Epoch  I0  I1  MPF_top  MPF_bot  FF1  FF2  FF3  DTC_FF1  DTC_FF2  DTC_FF3  EMISSION  RAMAN  pd1  tempC  Seconds  Seconds
6.91414e-06 371 165927 1107 57646 57475 1668 0 0 1668 0 0 11562.309 2010.288 -1 22.02438 3 3
3.01542 374 166025 1105 57742 57706 1698 0 0 1698 0 0 11562.309 2010.288 -1 22.02438 3 3
6.03504 377 166059 1106 57815 57730 1714 0 0 1714 0 0 11562.309 2010.288 -1 22.02438 3 3
9.05291 380 166044 1105 57827 57748 1711 0 0 1711 0 0 11562.309 2010.288 -1 22.02438 3 3
12.07 383 166017 1106 57781 57759 1772 0 0 1772 0 0 11562.309 2010.288 -1 22.02438 3 3

#S 24  loopscan 5 3 0
#D Sat Jul 01 13:48:47 2017
#T 3  (Seconds)
#G0 0
#G1 0
#G3 0
#G4 0
#Q 
#P0 0.9 11704.998 11563.503 0 7 5 1.3017526 1.498603
#P1 3.498603 3.4986025 0.76993721 3.6999969 -8.199745 45.900067 1.4983998 1.7526035
#P2 174466 -35005 45020 12438 -3.320255 -4.6300326 -0.057150114 1.3500101
#P3 63.000049 59.400084 81.000151 89.46 14.25 92.4825 935.41 935.41
#P4 935.41 935.41 935.41 935.41 935.41 -1.8363265 -491.6 -245.80132
#P5 -0.32 2.53225 15.41 47 8.255 9.755 10 10
#P6 20 0 18.01 0.75 17.663812 0 -0.07859375 0
#P7 10.7 -90 -1.05 2.0545 21.44 0.88412698 2.5 -1
#P8 -0.515689 0.307546 -2.80637 0.0674377 -0.27375108 -3.7559447 -0.875728 0.042198523
#P9 -1.4853328 -5.16876 -0.7186528 -0.86812799 0.068802 0.39879697 -0.33073904 0.318833
#P10 -0.46893215 -0.85287258 -1.07516 0.186128 -0.21995526 50 
#N 18
#L Time  Epoch  I0  I1  MPF_top  MPF_bot  FF1  FF2  FF3  DTC_FF1  DTC_FF2  DTC_FF3  EMISSION  RAMAN  pd1  tempC  Seconds  Seconds
7.15256e-06 386 165982 1106 57739 57790 1753 0 0 1753 0 0 11562.309 2010.288 -1 22.02438 3 3
3.01591 389 166001 1106 57745 57856 1835 0 0 1835 0 0 11562.309 2010.288 -1 22.02438 3 3
6.0309 392 165830 1107 57576 57714 1874 0 0 1874 0 0 11562.309 2010.288 -1 22.02438 3 3
9.04674 395 166020 1107 57833 57912 1888 0 0 1888 0 0 11562.309 2010.288 -1 22.02438 3 3
12.063 398 165961 1107 57748 57919 1915 0 0 1915 0 0 11562.309 2010.288 -1 22.02438 3 3

#S 25  loopscan 5 3 0
#D Sat Jul 01 13:49:03 2017
#T 3  (Seconds)
#G0 0
#G1 0
#G3 0
#G4 0
#Q 
#P0 0.9 11704.998 11563.503 0 7 5 1.3017526 1.498603
#P1 3.498603 3.4986025 0.76993721 3.6999969 -8.199745 45.900067 1.4983998 1.7526035
#P2 174466 -35005 45020 12438 -3.320255 -4.6300326 -0.057150114 1.3500101
#P3 63.000049 59.400084 81.000151 89.46 14.25 92.4825 935.41 935.41
#P4 935.41 935.41 935.41 935.41 935.41 -1.8363265 -491.6 -245.80132
#P5 0.12 2.53225 15.31 47 8.255 9.755 10 10
#P6 20 0 18.01 0.75 17.663812 0 -0.07859375 0
#P7 10.7 -90 -1.05 2.0545 21.44 0.88412698 2.5 -1
#P8 -0.515689 0.307546 -2.80637 0.0674377 -0.27375108 -3.7559447 -0.875728 0.042198523
#P9 -1.4853328 -5.16876 -0.7186528 -0.86812799 0.068802 0.39879697 -0.33073904 0.318833
#P10 -0.46893215 -0.85287258 -1.07516 0.186128 -0.21995526 50 
#N 18
#L Time  Epoch  I0  I1  MPF_top  MPF_bot  FF1  FF2  FF3  DTC_FF1  DTC_FF2  DTC_FF3  EMISSION  RAMAN  pd1  tempC  Seconds  Seconds
8.10623e-06 402 166015 1107 57761 57999 1249 0 0 1249 0 0 11562.309 2010.288 -1 22.02438 3 3
3.01541 405 166050 1107 57791 58043 1316 0 0 1316 0 0 11562.309 2010.288 -1 22.02438 3 3
6.03231 408 165978 1107 57746 57938 1371 0 0 1371 0 0 11562.309 2010.288 -1 22.02438 3 3
9.04899 411 165937 1107 57767 57979 1341 0 0 1341 0 0 11562.309 2010.288 -1 22.02438 3 3
12.0668 414 165842 1107 57741 57852 1342 0 0 1342 0 0 11562.309 2010.288 -1 22.02438 3 3

#S 26  loopscan 5 3 0
#D Sat Jul 01 13:49:18 2017
#T 3  (Seconds)
#G0 0
#G1 0
#G3 0
#G4 0
#Q 
#P0 0.9 11704.998 11563.503 0 7 5 1.3017526 1.498603
#P1 3.498603 3.4986025 0.76993721 3.6999969 -8.199745 45.900067 1.4983998 1.7526035
#P2 174466 -35005 45020 12438 -3.320255 -4.6300326 -0.057150114 1.3500101
#P3 63.000049 59.400084 81.000151 89.46 14.25 92.4825 935.41 935.41
#P4 935.41 935.41 935.41 935.41 935.41 -1.8363265 -491.6 -245.80132
#P5 0.12 2.53225 15.41 47 8.255 9.755 10 10
#P6 20 0 18.01 0.75 17.663812 0 -0.07859375 0
#P7 10.7 -90 -1.05 2.0545 21.44 0.88412698 2.5 -1
#P8 -0.515689 0.307546 -2.80637 0.0674377 -0.27375108 -3.7559447 -0.875728 0.042198523
#P9 -1.4853328 -5.16876 -0.7186528 -0.86812799 0.068802 0.39879697 -0.33073904 0.318833
#P10 -0.46893215 -0.85287258 -1.07516 0.186128 -0.21995526 50 
#N 18
#L Time  Epoch  I0  I1  MPF_top  MPF_bot  FF1  FF2  FF3  DTC_FF1  DTC_FF2  DTC_FF3  EMISSION  RAMAN  pd1  tempC  Seconds  Seconds
6.91414e-06 417 165958 1107 57833 57965 1911 0 0 1911 0 0 11562.309 2010.288 -1 22.02438 3 3
3.01497 420 165963 1107 57801 58031 1935 0 0 1935 0 0 11562.309 2010.288 -1 22.02438 3 3
6.03149 424 165969 1108 57843 58010 1965 0 0 1965 0 0 11562.309 2010.288 -1 22.02438 3 3
9.0467 427 165940 1108 57881 57967 1905 0 0 1905 0 0 11562.309 2010.288 -1 22.02438 3 3
12.0638 430 165938 1108 57905 57961 2137 0 0 2137 0 0 11562.309 2010.288 -1 22.02438 3 3

#S 27  loopscan 5 3 0
#D Sat Jul 01 13:49:35 2017
#T 3  (Seconds)
#G0 0
#G1 0
#G3 0
#G4 0
#Q 
#P0 0.9 11704.998 11563.503 0 7 5 1.3017526 1.498603
#P1 3.498603 3.4986025 0.76993721 3.6999969 -8.199745 45.900067 1.4983998 1.7526035
#P2 174466 -35005 45020 12438 -3.320255 -4.6300326 -0.057150114 1.3500101
#P3 63.000049 59.400084 81.000151 89.46 14.25 92.4825 935.41 935.41
#P4 935.41 935.41 935.41 935.41 935.41 -1.8363265 -491.6 -245.80132
#P5 -0.33 2.53225 15.74 47 8.255 9.755 10 10
#P6 20 0 18.01 0.75 17.663812 0 -0.07859375 0
#P7 10.7 -90 -1.05 2.0545 21.44 0.88412698 2.5 -1
#P8 -0.515689 0.307546 -2.80637 0.0674377 -0.27375108 -3.7559447 -0.875728 0.042198523
#P9 -1.4853328 -5.16876 -0.7186528 -0.86812799 0.068802 0.39879697 -0.33073904 0.318833
#P10 -0.46893215 -0.85287258 -1.07516 0.186128 -0.21995526 50 
#N 18
#L Time  Epoch  I0  I1  MPF_top  MPF_bot  FF1  FF2  FF3  DTC_FF1  DTC_FF2  DTC_FF3  EMISSION  RAMAN  pd1  tempC  Seconds  Seconds
1.00136e-05 434 165791 1108 57895 57779 1961 0 0 1961 0 0 11562.309 2010.288 -1 22.02438 3 3
3.01416 437 165839 1108 57971 57802 1931 0 0 1931 0 0 11562.309 2010.288 -1 22.02438 3 3
6.03124 440 165799 1108 57944 57779 1950 0 0 1950 0 0 11562.309 2010.288 -1 22.02438 3 3
9.05001 443 165799 1107 57975 57838 1944 0 0 1944 0 0 11562.309 2010.288 -1 22.02438 3 3
12.0679 446 165724 1107 57900 57687 1978 0 0 1978 0 0 11562.309 2010.288 -1 22.02438 3 3

#S 28  loopscan 5 3 0
#D Sat Jul 01 13:49:50 2017
#T 3  (Seconds)
#G0 0
#G1 0
#G3 0
#G4 0
#Q 
#P0 0.9 11704.998 11563.503 0 7 5 1.3017526 1.498603
#P1 3.498603 3.4986025 0.76993721 3.6999969 -8.199745 45.900067 1.4983998 1.7526035
#P2 174466 -35005 45020 12438 -3.320255 -4.6300326 -0.057150114 1.3500101
#P3 63.000049 59.400084 81.000151 89.46 14.25 92.4825 935.41 935.41
#P4 935.41 935.41 935.41 935.41 935.41 -1.8363265 -491.6 -245.80132
#P5 -0.33 2.53225 15.84 47 8.255 9.755 10 10
#P6 20 0 18.01 0.75 17.663812 0 -0.07859375 0
#P7 10.7 -90 -1.05 2.0545 21.44 0.88412698 2.5 -1
#P8 -0.515689 0.307546 -2.80637 0.0674377 -0.27375108 -3.7559447 -0.875728 0.042198523
#P9 -1.4853328 -5.16876 -0.7186528 -0.86812799 0.068802 0.39879697 -0.33073904 0.318833
#P10 -0.46893215 -0.85287258 -1.07516 0.186128 -0.21995526 50 
#N 18
#L Time  Epoch  I0  I1  MPF_top  MPF_bot  FF1  FF2  FF3  DTC_FF1  DTC_FF2  DTC_FF3  EMISSION  RAMAN  pd1  tempC  Seconds  Seconds
8.10623e-06 449 165722 1107 57909 57765 1535 0 0 1535 0 0 11562.309 2010.288 -1 22.02438 3 3
3.01452 452 165646 1108 57777 57840 1621 0 0 1621 0 0 11562.309 2010.288 -1 22.02438 3 3
6.03194 455 165640 1107 57751 57818 1656 0 0 1656 0 0 11562.309 2010.288 -1 22.02438 3 3
9.04833 458 165856 1107 57774 57756 1658 0 0 1658 0 0 11562.309 2010.288 -1 22.02438 3 3
12.0643 461 166719 1107 57888 57713 1745 0 0 1745 0 0 11562.309 2010.288 -1 22.02438 3 3

#S 29  loopscan 5 3 0
#D Sat Jul 01 13:50:06 2017
#T 3  (Seconds)
#G0 0
#G1 0
#G3 0
#G4 0
#Q 
#P0 0.9 11704.998 11563.503 0 7 5 1.3017526 1.498603
#P1 3.498603 3.4986025 0.76993721 3.6999969 -8.199745 45.900067 1.4983998 1.7526035
#P2 174466 -35005 45020 12438 -3.320255 -4.6300326 -0.057150114 1.3500101
#P3 63.000049 59.400084 81.000151 89.46 14.25 92.4825 935.41 935.41
#P4 935.41 935.41 935.41 935.41 935.41 -1.8363265 -491.6 -245.80132
#P5 0.18 2.53225 15.74 47 8.255 9.755 10 10
#P6 20 0 18.01 0.75 17.663812 0 -0.07859375 0
#P7 10.7 -90 -1.05 2.0545 21.44 0.88412698 2.5 -1
#P8 -0.515689 0.307546 -2.80637 0.0674377 -0.27375108 -3.7559447 -0.875728 0.042198523
#P9 -1.4853328 -5.16876 -0.7186528 -0.86812799 0.068802 0.39879697 -0.33073904 0.318833
#P10 -0.46893215 -0.85287258 -1.07516 0.186128 -0.21995526 50 
#N 18
#L Time  Epoch  I0  I1  MPF_top  MPF_bot  FF1  FF2  FF3  DTC_FF1  DTC_FF2  DTC_FF3  EMISSION  RAMAN  pd1  tempC  Seconds  Seconds
7.15256e-06 465 167500 1107 57694 57546 1491 0 0 1491 0 0 11562.309 2010.288 -1 22.02438 3 3
3.01516 468 167636 1107 57706 57549 1477 0 0 1477 0 0 11562.309 2010.288 -1 22.02438 3 3
6.03216 471 167463 1107 57481 57325 1557 0 0 1557 0 0 11562.309 2010.288 -1 22.02438 3 3
9.04725 474 167554 1106 57567 57487 1550 0 0 1550 0 0 11562.309 2010.288 -1 22.02438 3 3
12.0639 477 167561 1105 57605 57501 1586 0 0 1586 0 0 11562.309 2010.288 -1 22.02438 3 3

#S 30  loopscan 5 3 0
#D Sat Jul 01 13:50:21 2017
#T 3  (Seconds)
#G0 0
#G1 0
#G3 0
#G4 0
#Q 
#P0 0.9 11704.998 11563.503 0 7 5 1.3017526 1.498603
#P1 3.498603 3.4986025 0.76993721 3.6999969 -8.199745 45.900067 1.4983998 1.7526035
#P2 174466 -35005 45020 12438 -3.320255 -4.6300326 -0.057150114 1.3500101
#P3 63.000049 59.400084 81.000151 89.46 14.25 92.4825 935.41 935.41
#P4 935.41 935.41 935.41 935.41 935.41 -1.8363265 -491.6 -245.80132
#P5 0.18 2.53225 15.84 47 8.255 9.755 10 10
#P6 20 0 18.01 0.75 17.663812 0 -0.07859375 0
#P7 10.7 -90 -1.05 2.0545 21.44 0.88412698 2.5 -1
#P8 -0.515689 0.307546 -2.80637 0.0674377 -0.27375108 -3.7559447 -0.875728 0.042198523
#P9 -1.4853328 -5.16876 -0.7186528 -0.86812799 0.068802 0.39879697 -0.33073904 0.318833
#P10 -0.46893215 -0.85287258 -1.07516 0.186128 -0.21995526 50 
#N 18
#L Time  Epoch  I0  I1  MPF_top  MPF_bot  FF1  FF2  FF3  DTC_FF1  DTC_FF2  DTC_FF3  EMISSION  RAMAN  pd1  tempC  Seconds  Seconds
8.82149e-06 480 167444 1105 57489 57400 1669 0 0 1669 0 0 11562.309 2010.288 -1 22.02438 3 3
3.01554 483 167497 1105 57549 57483 1608 0 0 1608 0 0 11562.309 2010.288 -1 22.02438 3 3
6.0322 487 167445 1105 57491 57472 1695 0 0 1695 0 0 11562.309 2010.288 -1 22.02438 3 3
9.0484 490 167554 1106 57543 57630 1746 0 0 1746 0 0 11562.309 2010.288 -1 22.02438 3 3
12.0643 493 167457 1105 57392 57583 1748 0 0 1748 0 0 11562.309 2010.288 -1 22.02438 3 3

#S 31  loopscan 5 3 0
#D Sat Jul 01 13:50:37 2017
#T 3  (Seconds)
#G0 0
#G1 0
#G3 0
#G4 0
#Q 
#P0 0.9 11704.998 11563.503 0 7 5 1.3017526 1.498603
#P1 3.498603 3.4986025 0.76993721 3.6999969 -8.199745 45.900067 1.4983998 1.7526035
#P2 174466 -35005 45020 12438 -3.320255 -4.6300326 -0.057150114 1.3500101
#P3 63.000049 59.400084 81.000151 89.46 14.25 92.4825 935.41 935.41
#P4 935.41 935.41 935.41 935.41 935.41 -1.8363265 -491.6 -245.80132
#P5 -0.11 2.53225 16.13 47 8.255 9.755 10 10
#P6 20 0 18.01 0.75 17.663812 0 -0.07859375 0
#P7 10.7 -90 -1.05 2.0545 21.44 0.88412698 2.5 -1
#P8 -0.515689 0.307546 -2.80637 0.0674377 -0.27375108 -3.7559447 -0.875728 0.042198523
#P9 -1.4853328 -5.16876 -0.7186528 -0.86812799 0.068802 0.39879697 -0.33073904 0.318833
#P10 -0.46893215 -0.85287258 -1.07516 0.186128 -0.21995526 50 
#N 18
#L Time  Epoch  I0  I1  MPF_top  MPF_bot  FF1  FF2  FF3  DTC_FF1  DTC_FF2  DTC_FF3  EMISSION  RAMAN  pd1  tempC  Seconds  Seconds
8.10623e-06 496 167391 1105 57358 57607 1374 0 0 1374 0 0 11562.309 2010.288 -1 22.02438 3 3
3.01433 499 167455 1104 57396 57634 1446 0 0 1446 0 0 11562.309 2010.288 -1 22.02438 3 3
6.03066 502 167501 1105 57396 57669 1394 0 0 1394 0 0 11562.309 2010.288 -1 22.02438 3 3
9.04703 505 167477 1105 57457 57606 1445 0 0 1445 0 0 11562.309 2010.288 -1 22.02438 3 3
12.061 508 167427 1104 57462 57533 1392 0 0 1392 0 0 11562.309 2010.288 -1 22.02438 3 3

#S 32  loopscan 5 3 0
#D Sat Jul 01 13:50:53 2017
#T 3  (Seconds)
#G0 0
#G1 0
#G3 0
#G4 0
#Q 
#P0 0.9 11704.998 11563.503 0 7 5 1.3017526 1.498603
#P1 3.498603 3.4986025 0.76993721 3.6999969 -8.199745 45.900067 1.4983998 1.7526035
#P2 174466 -35005 45020 12438 -3.320255 -4.6300326 -0.057150114 1.3500101
#P3 63.000049 59.400084 81.000151 89.46 14.25 92.4825 935.41 935.41
#P4 935.41 935.41 935.41 935.41 935.41 -1.8363265 -491.6 -245.80132
#P5 -0.11 2.53225 16.23 47 8.255 9.755 10 10
#P6 20 0 18.01 0.75 17.663812 0 -0.07859375 0
#P7 10.7 -90 -1.05 2.0545 21.44 0.88412698 2.5 -1
#P8 -0.515689 0.307546 -2.80637 0.0674377 -0.27375108 -3.7559447 -0.875728 0.042198523
#P9 -1.4853328 -5.16876 -0.7186528 -0.86812799 0.068802 0.39879697 -0.33073904 0.318833
#P10 -0.46893215 -0.85287258 -1.07516 0.186128 -0.21995526 50 
#N 18
#L Time  Epoch  I0  I1  MPF_top  MPF_bot  FF1  FF2  FF3  DTC_FF1  DTC_FF2  DTC_FF3  EMISSION  RAMAN  pd1  tempC  Seconds  Seconds
1.00136e-05 512 167386 1104 57478 57457 1623 0 0 1623 0 0 11562.309 2010.288 -1 22.02438 3 3
3.01429 515 167358 1105 57492 57445 1615 0 0 1615 0 0 11562.309 2010.288 -1 22.02438 3 3
6.03109 518 167217 1104 57408 57289 1668 0 0 1668 0 0 11562.309 2010.288 -1 22.02438 3 3
9.04835 521 167251 1105 57638 57290 1647 0 0 1647 0 0 11562.309 2010.288 -1 22.02438 3 3
12.0659 524 167089 1105 57573 57130 1641 0 0 1641 0 0 11562.309 2010.288 -1 22.02438 3 3

#S 33  loopscan 5 3 0
#D Sat Jul 01 13:51:08 2017
#T 3  (Seconds)
#G0 0
#G1 0
#G3 0
#G4 0
#Q 
#P0 0.9 11704.998 11563.503 0 7 5 1.3017526 1.498603
#P1 3.498603 3.4986025 0.76993721 3.6999969 -8.199745 45.900067 1.4983998 1.7526035
#P2 174466 -35005 45020 12438 -3.320255 -4.6300326 -0.057150114 1.3500101
#P3 63.000049 59.400084 81.000151 89.46 14.25 92.4825 935.41 935.41
#P4 935.41 935.41 935.41 935.41 935.41 -1.8363265 -491.6 -245.80132
#P5 -0.11 2.53225 16.33 47 8.255 9.755 10 10
#P6 20 0 18.01 0.75 17.663812 0 -0.07859375 0
#P7 10.7 -90 -1.05 2.0545 21.44 0.88412698 2.5 -1
#P8 -0.515689 0.307546 -2.80637 0.0674377 -0.27375108 -3.7559447 -0.875728 0.042198523
#P9 -1.4853328 -5.16876 -0.7186528 -0.86812799 0.068802 0.39879697 -0.33073904 0.318833
#P10 -0.46893215 -0.85287258 -1.07516 0.186128 -0.21995526 50 
#N 18
#L Time  Epoch  I0  I1  MPF_top  MPF_bot  FF1  FF2  FF3  DTC_FF1  DTC_FF2  DTC_FF3  EMISSION  RAMAN  pd1  tempC  Seconds  Seconds
6.91414e-06 527 166976 1104 57441 57111 829 0 0 829 0 0 11562.309 2010.288 -1 22.02438 3 3
3.01481 530 167052 1105 57521 57309 834 0 0 834 0 0 11562.309 2010.288 -1 22.02438 3 3
6.0332 533 167016 1105 57421 57339 866 0 0 866 0 0 11562.309 2010.288 -1 22.02438 3 3
9.05104 536 167034 1105 57451 57420 853 0 0 853 0 0 11562.309 2010.288 -1 22.02438 3 3
12.0694 539 166954 1106 57326 57351 850 0 0 850 0 0 11562.309 2010.288 -1 22.02438 3 3

#S 34  loopscan 5 3 0
#D Sat Jul 01 13:51:24 2017
#T 3  (Seconds)
#G0 0
#G1 0
#G3 0
#G4 0
#Q 
#P0 0.9 11704.998 11563.503 0 7 5 1.3017526 1.498603
#P1 3.498603 3.4986025 0.76993721 3.6999969 -8.199745 45.900067 1.4983998 1.7526035
#P2 174466 -35005 45020 12438 -3.320255 -4.6300326 -0.057150114 1.3500101
#P3 63.000049 59.400084 81.000151 89.46 14.25 92.4825 935.41 935.41
#P4 935.41 935.41 935.41 935.41 935.41 -1.8363265 -491.6 -245.80132
#P5 0.01 2.53225 16.51 47 8.255 9.755 10 10
#P6 20 0 18.01 0.75 17.663812 0 -0.07859375 0
#P7 10.7 -90 -1.05 2.0545 21.44 0.88412698 2.5 -1
#P8 -0.515689 0.307546 -2.80637 0.0674377 -0.27375108 -3.7559447 -0.875728 0.042198523
#P9 -1.4853328 -5.16876 -0.7186528 -0.86812799 0.068802 0.39879697 -0.33073904 0.318833
#P10 -0.46893215 -0.85287258 -1.07516 0.186128 -0.21995526 50 
#N 18
#L Time  Epoch  I0  I1  MPF_top  MPF_bot  FF1  FF2  FF3  DTC_FF1  DTC_FF2  DTC_FF3  EMISSION  RAMAN  pd1  tempC  Seconds  Seconds
7.86781e-06 543 166836 1105 57273 57300 1312 0 0 1312 0 0 11562.309 2010.288 -1 22.02438 3 3
3.01574 546 166862 1105 57315 57364 1328 0 0 1328 0 0 11562.309 2010.288 -1 22.02438 3 3
6.03233 549 166961 1105 57399 57457 1254 0 0 1254 0 0 11562.309 2010.288 -1 22.02438 3 3
9.05124 552 166862 1106 57371 57372 1411 0 0 1411 0 0 11562.309 2010.288 -1 22.02438 3 3
12.0683 555 166861 1105 57434 57391 1369 0 0 1369 0 0 11562.309 2010.288 -1 22.02438 3 3

#S 35  loopscan 5 3 0
#D Sat Jul 01 13:51:39 2017
#T 3  (Seconds)
#G0 0
#G1 0
#G3 0
#G4 0
#Q 
#P0 0.9 11704.998 11563.503 0 7 5 1.3017526 1.498603
#P1 3.498603 3.4986025 0.76993721 3.6999969 -8.199745 45.900067 1.4983998 1.7526035
#P2 174466 -35005 45020 12438 -3.320255 -4.6300326 -0.057150114 1.3500101
#P3 63.000049 59.400084 81.000151 89.46 14.25 92.4825 935.41 935.41
#P4 935.41 935.41 935.41 935.41 935.41 -1.8363265 -491.6 -245.80132
#P5 0.01 2.53225 16.62 47 8.255 9.755 10 10
#P6 20 0 18.01 0.75 17.663812 0 -0.07859375 0
#P7 10.7 -90 -1.05 2.0545 21.44 0.88412698 2.5 -1
#P8 -0.515689 0.307546 -2.80637 0.0674377 -0.27375108 -3.7559447 -0.875728 0.042198523
#P9 -1.4853328 -5.16876 -0.7186528 -0.86812799 0.068802 0.39879697 -0.33073904 0.318833
#P10 -0.46893215 -0.85287258 -1.07516 0.186128 -0.21995526 50 
#N 18
#L Time  Epoch  I0  I1  MPF_top  MPF_bot  FF1  FF2  FF3  DTC_FF1  DTC_FF2  DTC_FF3  EMISSION  RAMAN  pd1  tempC  Seconds  Seconds
6.91414e-06 558 166739 1106 57338 57311 1382 0 0 1382 0 0 11562.309 2010.288 -1 22.02438 3 3
3.01591 561 166699 1107 57289 57336 1345 0 0 1345 0 0 11562.309 2010.288 -1 22.02438 3 3
6.03166 564 166704 1107 57303 57294 1391 0 0 1391 0 0 11562.309 2010.288 -1 22.02438 3 3
9.04704 567 166785 1107 57446 57354 1405 0 0 1405 0 0 11562.309 2010.288 -1 22.02438 3 3
12.0626 570 166829 1107 57485 57485 1331 0 0 1331 0 0 11562.309 2010.288 -1 22.02438 3 3

#S 36  loopscan 5 3 0
#D Sat Jul 01 13:51:55 2017
#T 3  (Seconds)
#G0 0
#G1 0
#G3 0
#G4 0
#Q 
#P0 0.9 11704.998 11563.503 0 7 5 1.3017526 1.498603
#P1 3.498603 3.4986025 0.76993721 3.6999969 -8.199745 45.900067 1.4983998 1.7526035
#P2 174466 -35005 45020 12438 -3.320255 -4.6300326 -0.057150114 1.3500101
#P3 63.000049 59.400084 81.000151 89.46 14.25 92.4825 935.41 935.41
#P4 935.41 935.41 935.41 935.41 935.41 -1.8363265 -491.6 -245.80132
#P5 -0.39 2.53225 16.51 47 8.255 9.755 10 10
#P6 20 0 18.01 0.75 17.663812 0 -0.07859375 0
#P7 10.7 -90 -1.05 2.0545 21.44 0.88412698 2.5 -1
#P8 -0.515689 0.307546 -2.80637 0.0674377 -0.27375108 -3.7559447 -0.875728 0.042198523
#P9 -1.4853328 -5.16876 -0.7186528 -0.86812799 0.068802 0.39879697 -0.33073904 0.318833
#P10 -0.46893215 -0.85287258 -1.07516 0.186128 -0.21995526 50 
#N 18
#L Time  Epoch  I0  I1  MPF_top  MPF_bot  FF1  FF2  FF3  DTC_FF1  DTC_FF2  DTC_FF3  EMISSION  RAMAN  pd1  tempC  Seconds  Seconds
8.82149e-06 574 166737 1107 57451 57465 1323 0 0 1323 0 0 11562.309 2010.288 -1 22.02438 3 3
3.01809 577 166767 1107 57386 57584 1332 0 0 1332 0 0 11562.309 2010.288 -1 22.02438 3 3
6.03847 580 166675 1107 57262 57512 1308 0 0 1308 0 0 11562.309 2010.288 -1 22.02438 3 3
9.05406 583 166674 1107 57297 57580 1348 0 0 1348 0 0 11562.309 2010.288 -1 22.02438 3 3
12.0712 586 166682 1108 57344 57545 1305 0 0 1305 0 0 11562.309 2010.288 -1 22.02438 3 3

#S 37  loopscan 5 3 0
#D Sat Jul 01 13:52:10 2017
#T 3  (Seconds)
#G0 0
#G1 0
#G3 0
#G4 0
#Q 
#P0 0.9 11704.998 11563.503 0 7 5 1.3017526 1.498603
#P1 3.498603 3.4986025 0.76993721 3.6999969 -8.199745 45.900067 1.4983998 1.7526035
#P2 174466 -35005 45020 12438 -3.320255 -4.6300326 -0.057150114 1.3500101
#P3 63.000049 59.400084 81.000151 89.46 14.25 92.4825 935.41 935.41
#P4 935.41 935.41 935.41 935.41 935.41 -1.8363265 -491.6 -245.80132
#P5 -0.39 2.53225 16.62 47 8.255 9.755 10 10
#P6 20 0 18.01 0.75 17.663812 0 -0.07859375 0
#P7 10.7 -90 -1.05 2.0545 21.44 0.88412698 2.5 -1
#P8 -0.515689 0.307546 -2.80637 0.0674377 -0.27375108 -3.7559447 -0.875728 0.042198523
#P9 -1.4853328 -5.16876 -0.7186528 -0.86812799 0.068802 0.39879697 -0.33073904 0.318833
#P10 -0.46893215 -0.85287258 -1.07516 0.186128 -0.21995526 50 
#N 18
#L Time  Epoch  I0  I1  MPF_top  MPF_bot  FF1  FF2  FF3  DTC_FF1  DTC_FF2  DTC_FF3  EMISSION  RAMAN  pd1  tempC  Seconds  Seconds
8.10623e-06 590 166629 1107 57319 57560 1188 0 0 1188 0 0 11562.309 2010.288 -1 22.02438 3 3
3.01679 593 166540 1107 57265 57499 1168 0 0 1168 0 0 11562.309 2010.288 -1 22.02438 3 3
6.03212 596 166626 1107 57366 57610 1177 0 0 1177 0 0 11562.309 2010.288 -1 22.02438 3 3
9.04541 599 166682 1107 57486 57676 1192 0 0 1192 0 0 11562.309 2010.288 -1 22.02438 3 3
12.0606 602 166624 1106 57480 57595 1223 0 0 1223 0 0 11562.309 2010.288 -1 22.02438 3 3

#S 38  loopscan 5 3 0
#D Sat Jul 01 13:52:26 2017
#T 3  (Seconds)
#G0 0
#G1 0
#G3 0
#G4 0
#Q 
#P0 0.9 11704.998 11563.503 0 7 5 1.3017526 1.498603
#P1 3.498603 3.4986025 0.76993721 3.6999969 -8.199745 45.900067 1.4983998 1.7526035
#P2 174466 -35005 45020 12438 -3.320255 -4.6300326 -0.057150114 1.3500101
#P3 63.000049 59.400084 81.000151 89.46 14.25 92.4825 935.41 935.41
#P4 935.41 935.41 935.41 935.41 935.41 -1.8363265 -491.6 -245.80132
#P5 -0.25 2.53225 16.86 47 8.255 9.755 10 10
#P6 20 0 18.01 0.75 17.663812 0 -0.07859375 0
#P7 10.7 -90 -1.05 2.0545 21.44 0.88412698 2.5 -1
#P8 -0.515689 0.307546 -2.80637 0.0674377 -0.27375108 -3.7559447 -0.875728 0.042198523
#P9 -1.4853328 -5.16876 -0.7186528 -0.86812799 0.068802 0.39879697 -0.33073904 0.318833
#P10 -0.46893215 -0.85287258 -1.07516 0.186128 -0.21995526 50 
#N 18
#L Time  Epoch  I0  I1  MPF_top  MPF_bot  FF1  FF2  FF3  DTC_FF1  DTC_FF2  DTC_FF3  EMISSION  RAMAN  pd1  tempC  Seconds  Seconds
0.000123978 605 166494 1105 57387 57443 1425 0 0 1425 0 0 11562.309 2010.288 -1 22.02438 3 3
3.0149 608 166595 1106 57513 57517 1543 0 0 1543 0 0 11562.309 2010.288 -1 22.02438 3 3
6.03658 611 166564 1105 57554 57500 1509 0 0 1509 0 0 11562.309 2010.288 -1 22.02438 3 3
9.0532 614 166542 1105 57591 57447 1582 0 0 1582 0 0 11562.309 2010.288 -1 22.02438 3 3
12.0697 617 166470 1105 57608 57393 1728 0 0 1728 0 0 11562.309 2010.288 -1 22.02438 3 3

#S 39  loopscan 5 3 0
#D Sat Jul 01 13:52:42 2017
#T 3  (Seconds)
#G0 0
#G1 0
#G3 0
#G4 0
#Q 
#P0 0.9 11704.998 11563.503 0 7 5 1.3017526 1.498603
#P1 3.498603 3.4986025 0.76993721 3.6999969 -8.199745 45.900067 1.4983998 1.7526035
#P2 174466 -35005 45020 12438 -3.320255 -4.6300326 -0.057150114 1.3500101
#P3 63.000049 59.400084 81.000151 89.46 14.25 92.4825 935.41 935.41
#P4 935.41 935.41 935.41 935.41 935.41 -1.8363265 -491.6 -245.80132
#P5 -0.25 2.53225 16.96 47 8.255 9.755 10 10
#P6 20 0 18.01 0.75 17.663812 0 -0.07859375 0
#P7 10.7 -90 -1.05 2.0545 21.44 0.88412698 2.5 -1
#P8 -0.515689 0.307546 -2.80637 0.0674377 -0.27375108 -3.7559447 -0.875728 0.042198523
#P9 -1.4853328 -5.16876 -0.7186528 -0.86812799 0.068802 0.39879697 -0.33073904 0.318833
#P10 -0.46893215 -0.85287258 -1.07516 0.186128 -0.21995526 50 
#N 18
#L Time  Epoch  I0  I1  MPF_top  MPF_bot  FF1  FF2  FF3  DTC_FF1  DTC_FF2  DTC_FF3  EMISSION  RAMAN  pd1  tempC  Seconds  Seconds
6.91414e-06 621 166197 1106 57369 57151 1471 0 0 1471 0 0 11562.309 2010.288 -1 22.02438 3 3
3.01519 624 166331 1105 57514 57373 1391 0 0 1391 0 0 11562.309 2010.288 -1 22.02438 3 3
6.03497 627 166432 1105 57555 57595 1470 0 0 1470 0 0 11562.309 2010.288 -1 22.02438 3 3
9.05095 630 166410 1106 57488 57595 1457 0 0 1457 0 0 11562.309 2010.288 -1 22.02438 3 3
12.0656 633 166332 1105 57422 57568 1499 0 0 1499 0 0 11562.309 2010.288 -1 22.02438 3 3

#S 40  loopscan 5 3 0
#D Sat Jul 01 13:52:57 2017
#T 3  (Seconds)
#G0 0
#G1 0
#G3 0
#G4 0
#Q 
#P0 0.9 11704.998 11563.503 0 7 5 1.3017526 1.498603
#P1 3.498603 3.4986025 0.76993721 3.6999969 -8.199745 45.900067 1.4983998 1.7526035
#P2 174466 -35005 45020 12438 -3.320255 -4.6300326 -0.057150114 1.3500101
#P3 63.000049 59.400084 81.000151 89.46 14.25 92.4825 935.41 935.41
#P4 935.41 935.41 935.41 935.41 935.41 -1.8363265 -491.6 -245.80132
#P5 0.17 2.53225 16.86 47 8.255 9.755 10 10
#P6 20 0 18.01 0.75 17.663812 0 -0.07859375 0
#P7 10.7 -90 -1.05 2.0545 21.44 0.88412698 2.5 -1
#P8 -0.515689 0.307546 -2.80637 0.0674377 -0.27375108 -3.7559447 -0.875728 0.042198523
#P9 -1.4853328 -5.16876 -0.7186528 -0.86812799 0.068802 0.39879697 -0.33073904 0.318833
#P10 -0.46893215 -0.85287258 -1.07516 0.186128 -0.21995526 50 
#N 18
#L Time  Epoch  I0  I1  MPF_top  MPF_bot  FF1  FF2  FF3  DTC_FF1  DTC_FF2  DTC_FF3  EMISSION  RAMAN  pd1  tempC  Seconds  Seconds
9.05991e-06 637 166346 1105 57403 57638 1442 0 0 1442 0 0 11562.309 2010.288 -1 22.02438 3 3
3.01478 640 166500 1105 57538 57755 1361 0 0 1361 0 0 11562.309 2010.288 -1 22.02438 3 3
6.03285 643 166323 1104 57480 57565 1394 0 0 1394 0 0 11562.309 2010.288 -1 22.02438 3 3
9.04945 646 166346 1103 57593 57587 1425 0 0 1425 0 0 11562.309 2010.288 -1 22.02438 3 3
12.0669 649 166500 1103 57785 57731 1368 0 0 1368 0 0 11562.309 2010.288 -1 22.02438 3 3

#S 41  loopscan 5 3 0
#D Sat Jul 01 13:53:13 2017
#T 3  (Seconds)
#G0 0
#G1 0
#G3 0
#G4 0
#Q 
#P0 0.9 11704.998 11563.503 0 7 5 1.3017526 1.498603
#P1 3.498603 3.4986025 0.76993721 3.6999969 -8.199745 45.900067 1.4983998 1.7526035
#P2 174466 -35005 45020 12438 -3.320255 -4.6300326 -0.057150114 1.3500101
#P3 63.000049 59.400084 81.000151 89.46 14.25 92.4825 935.41 935.41
#P4 935.41 935.41 935.41 935.41 935.41 -1.8363265 -491.6 -245.80132
#P5 0.17 2.53225 16.96 47 8.255 9.755 10 10
#P6 20 0 18.01 0.75 17.663812 0 -0.07859375 0
#P7 10.7 -90 -1.05 2.0545 21.44 0.88412698 2.5 -1
#P8 -0.515689 0.307546 -2.80637 0.0674377 -0.27375108 -3.7559447 -0.875728 0.042198523
#P9 -1.4853328 -5.16876 -0.7186528 -0.86812799 0.068802 0.39879697 -0.33073904 0.318833
#P10 -0.46893215 -0.85287258 -1.07516 0.186128 -0.21995526 50 
#N 18
#L Time  Epoch  I0  I1  MPF_top  MPF_bot  FF1  FF2  FF3  DTC_FF1  DTC_FF2  DTC_FF3  EMISSION  RAMAN  pd1  tempC  Seconds  Seconds
8.10623e-06 652 166410 1105 57678 57736 1295 0 0 1295 0 0 11562.309 2010.288 -1 22.02438 3 3
3.01461 655 166477 1105 57724 57848 1311 0 0 1311 0 0 11562.309 2010.288 -1 22.02438 3 3
6.03098 658 166350 1105 57638 57665 1362 0 0 1362 0 0 11562.309 2010.288 -1 22.02438 3 3
9.04691 661 166370 1104 57646 57706 1355 0 0 1355 0 0 11562.309 2010.288 -1 22.02438 3 3
12.0629 664 166367 1104 57632 57773 1369 0 0 1369 0 0 11562.309 2010.288 -1 22.02438 3 3

#S 42  loopscan 5 3 0
#D Sat Jul 01 13:53:29 2017
#T 3  (Seconds)
#G0 0
#G1 0
#G3 0
#G4 0
#Q 
#P0 0.9 11704.998 11563.503 0 7 5 1.3017526 1.498603
#P1 3.498603 3.4986025 0.76993721 3.6999969 -8.199745 45.900067 1.4983998 1.7526035
#P2 174466 -35005 45020 12438 -3.320255 -4.6300326 -0.057150114 1.3500101
#P3 63.000049 59.400084 81.000151 89.46 14.25 92.4825 935.41 935.41
#P4 935.41 935.41 935.41 935.41 935.41 -1.8363265 -491.6 -245.80132
#P5 0.57 2.53225 16.86 47 8.255 9.755 10 10
#P6 20 0 18.01 0.75 17.663812 0 -0.07859375 0
#P7 10.7 -90 -1.05 2.0545 21.44 0.88412698 2.5 -1
#P8 -0.515689 0.307546 -2.80637 0.0674377 -0.27375108 -3.7559447 -0.875728 0.042198523
#P9 -1.4853328 -5.16876 -0.7186528 -0.86812799 0.068802 0.39879697 -0.33073904 0.318833
#P10 -0.46893215 -0.85287258 -1.07516 0.186128 -0.21995526 50 
#N 18
#L Time  Epoch  I0  I1  MPF_top  MPF_bot  FF1  FF2  FF3  DTC_FF1  DTC_FF2  DTC_FF3  EMISSION  RAMAN  pd1  tempC  Seconds  Seconds
6.91414e-06 668 166278 1103 57664 57627 1177 0 0 1177 0 0 11562.309 2010.288 -1 22.02438 3 3
3.01532 671 166243 1103 57679 57610 1182 0 0 1182 0 0 11562.309 2010.288 -1 22.02438 3 3
6.0314 674 166210 1103 57626 57628 1176 0 0 1176 0 0 11562.309 2010.288 -1 22.02438 3 3
9.04713 677 166137 1103 57528 57691 1221 0 0 1221 0 0 11562.309 2010.288 -1 22.02438 3 3
12.0634 680 166279 1103 57673 57896 1200 0 0 1200 0 0 11562.309 2010.288 -1 22.02438 3 3

#S 43  loopscan 5 3 0
#D Sat Jul 01 13:53:44 2017
#T 3  (Seconds)
#G0 0
#G1 0
#G3 0
#G4 0
#Q 
#P0 0.9 11704.998 11563.503 0 7 5 1.3017526 1.498603
#P1 3.498603 3.4986025 0.76993721 3.6999969 -8.199745 45.900067 1.4983998 1.7526035
#P2 174466 -35005 45020 12438 -3.320255 -4.6300326 -0.057150114 1.3500101
#P3 63.000049 59.400084 81.000151 89.46 14.25 92.4825 935.41 935.41
#P4 935.41 935.41 935.41 935.41 935.41 -1.8363265 -491.6 -245.80132
#P5 0.57 2.53225 16.96 47 8.255 9.755 10 10
#P6 20 0 18.01 0.75 17.663812 0 -0.07859375 0
#P7 10.7 -90 -1.05 2.0545 21.44 0.88412698 2.5 -1
#P8 -0.515689 0.307546 -2.80637 0.0674377 -0.27375108 -3.7559447 -0.875728 0.042198523
#P9 -1.4853328 -5.16876 -0.7186528 -0.86812799 0.068802 0.39879697 -0.33073904 0.318833
#P10 -0.46893215 -0.85287258 -1.07516 0.186128 -0.21995526 50 
#N 18
#L Time  Epoch  I0  I1  MPF_top  MPF_bot  FF1  FF2  FF3  DTC_FF1  DTC_FF2  DTC_FF3  EMISSION  RAMAN  pd1  tempC  Seconds  Seconds
7.86781e-06 683 166158 1102 57560 57775 1104 0 0 1104 0 0 11562.309 2010.288 -1 22.02438 3 3
3.01498 686 166145 1104 57555 57790 1095 0 0 1095 0 0 11562.309 2010.288 -1 22.02438 3 3
6.03224 689 166113 1105 57535 57718 1108 0 0 1108 0 0 11562.309 2010.288 -1 22.02438 3 3
9.04981 692 166141 1106 57578 57786 1193 0 0 1193 0 0 11562.309 2010.288 -1 22.02438 3 3
12.0669 695 166064 1105 57550 57667 1218 0 0 1218 0 0 11562.309 2010.288 -1 22.02438 3 3

#S 44  loopscan 5 3 0
#D Sat Jul 01 13:54:00 2017
#T 3  (Seconds)
#G0 0
#G1 0
#G3 0
#G4 0
#Q 
#P0 0.9 11704.998 11563.503 0 7 5 1.3017526 1.498603
#P1 3.498603 3.4986025 0.76993721 3.6999969 -8.199745 45.900067 1.4983998 1.7526035
#P2 174466 -35005 45020 12438 -3.320255 -4.6300326 -0.057150114 1.3500101
#P3 63.000049 59.400084 81.000151 89.46 14.25 92.4825 935.41 935.41
#P4 935.41 935.41 935.41 935.41 935.41 -1.8363265 -491.6 -245.80132
#P5 0.86 2.53225 17.28 47 8.255 9.755 10 10
#P6 20 0 18.01 0.75 17.663812 0 -0.07859375 0
#P7 10.7 -90 -1.05 2.0545 21.44 0.88412698 2.5 -1
#P8 -0.515689 0.307546 -2.80637 0.0674377 -0.27375108 -3.7559447 -0.875728 0.042198523
#P9 -1.4853328 -5.16876 -0.7186528 -0.86812799 0.068802 0.39879697 -0.33073904 0.318833
#P10 -0.46893215 -0.85287258 -1.07516 0.186128 -0.21995526 50 
#N 18
#L Time  Epoch  I0  I1  MPF_top  MPF_bot  FF1  FF2  FF3  DTC_FF1  DTC_FF2  DTC_FF3  EMISSION  RAMAN  pd1  tempC  Seconds  Seconds
6.91414e-06 699 166122 1105 57628 57724 1395 0 0 1395 0 0 11562.309 2010.288 -1 22.02438 3 3
3.0166 702 166109 1106 57681 57727 1419 0 0 1419 0 0 11562.309 2010.288 -1 22.02438 3 3
6.0328 705 166104 1104 57732 57733 1416 0 0 1416 0 0 11562.309 2010.288 -1 22.02438 3 3
9.0505 708 166078 1105 57712 57736 1390 0 0 1390 0 0 11562.309 2010.288 -1 22.02438 3 3
12.0665 711 165919 1105 57556 57673 1472 0 0 1472 0 0 11562.309 2010.288 -1 22.02438 3 3

#S 45  loopscan 5 3 0
#D Sat Jul 01 13:54:16 2017
#T 3  (Seconds)
#G0 0
#G1 0
#G3 0
#G4 0
#Q 
#P0 0.9 11704.998 11563.503 0 7 5 1.3017526 1.498603
#P1 3.498603 3.4986025 0.76993721 3.6999969 -8.199745 45.900067 1.4983998 1.7526035
#P2 174466 -35005 45020 12438 -3.320255 -4.6300326 -0.057150114 1.3500101
#P3 63.000049 59.400084 81.000151 89.46 14.25 92.4825 935.41 935.41
#P4 935.41 935.41 935.41 935.41 935.41 -1.8363265 -491.6 -245.80132
#P5 0.45 2.53225 17.28 47 8.255 9.755 10 10
#P6 20 0 18.01 0.75 17.663812 0 -0.07859375 0
#P7 10.7 -90 -1.05 2.0545 21.44 0.88412698 2.5 -1
#P8 -0.515689 0.307546 -2.80637 0.0674377 -0.27375108 -3.7559447 -0.875728 0.042198523
#P9 -1.4853328 -5.16876 -0.7186528 -0.86812799 0.068802 0.39879697 -0.33073904 0.318833
#P10 -0.46893215 -0.85287258 -1.07516 0.186128 -0.21995526 50 
#N 18
#L Time  Epoch  I0  I1  MPF_top  MPF_bot  FF1  FF2  FF3  DTC_FF1  DTC_FF2  DTC_FF3  EMISSION  RAMAN  pd1  tempC  Seconds  Seconds
8.10623e-06 715 165986 1105 57616 57857 1518 0 0 1518 0 0 11562.309 2010.288 -1 22.02438 3 3
3.01447 718 165953 1106 57620 57761 1481 0 0 1481 0 0 11562.309 2010.288 -1 22.02438 3 3
6.03092 721 166014 1105 57711 57809 1502 0 0 1502 0 0 11562.309 2010.288 -1 22.02438 3 3
9.04838 724 165899 1104 57677 57666 1560 0 0 1560 0 0 11562.309 2010.288 -1 22.02438 3 3
12.0664 727 165888 1103 57695 57710 1592 0 0 1592 0 0 11562.309 2010.288 -1 22.02438 3 3

#S 46  loopscan 5 3 0
#D Sat Jul 01 13:54:32 2017
#T 3  (Seconds)
#G0 0
#G1 0
#G3 0
#G4 0
#Q 
#P0 0.9 11704.998 11563.503 0 7 5 1.3017526 1.498603
#P1 3.498603 3.4986025 0.76993721 3.6999969 -8.199745 45.900067 1.4983998 1.7526035
#P2 174466 -35005 45020 12438 -3.320255 -4.6300326 -0.057150114 1.3500101
#P3 63.000049 59.400084 81.000151 89.46 14.25 92.4825 935.41 935.41
#P4 935.41 935.41 935.41 935.41 935.41 -1.8363265 -491.6 -245.80132
#P5 0.01 2.53225 17.28 47 8.255 9.755 10 10
#P6 20 0 18.01 0.75 17.663812 0 -0.07859375 0
#P7 10.7 -90 -1.05 2.0545 21.44 0.88412698 2.5 -1
#P8 -0.515689 0.307546 -2.80637 0.0674377 -0.27375108 -3.7559447 -0.875728 0.042198523
#P9 -1.4853328 -5.16876 -0.7186528 -0.86812799 0.068802 0.39879697 -0.33073904 0.318833
#P10 -0.46893215 -0.85287258 -1.07516 0.186128 -0.21995526 50 
#N 18
#L Time  Epoch  I0  I1  MPF_top  MPF_bot  FF1  FF2  FF3  DTC_FF1  DTC_FF2  DTC_FF3  EMISSION  RAMAN  pd1  tempC  Seconds  Seconds
9.05991e-06 731 165806 1104 57663 57731 1538 0 0 1538 0 0 11562.309 2010.288 -1 22.02438 3 3
3.01804 734 165881 1104 57675 57755 1659 0 0 1659 0 0 11562.309 2010.288 -1 22.02438 3 3
6.03528 737 165805 1104 57729 57650 1608 0 0 1608 0 0 11562.309 2010.288 -1 22.02438 3 3
9.05152 740 165741 1104 57847 57548 1682 0 0 1682 0 0 11562.309 2010.288 -1 22.02438 3 3
12.0685 743 165623 1105 57784 57499 1631 0 0 1631 0 0 11562.309 2010.288 -1 22.02438 3 3

#S 47  loopscan 5 3 0
#D Sat Jul 01 13:54:48 2017
#T 3  (Seconds)
#G0 0
#G1 0
#G3 0
#G4 0
#Q 
#P0 0.9 11704.998 11563.503 0 7 5 1.3017526 1.498603
#P1 3.498603 3.4986025 0.76993721 3.6999969 -8.199745 45.900067 1.4983998 1.7526035
#P2 174466 -35005 45020 12438 -3.320255 -4.6300326 -0.057150114 1.3500101
#P3 63.000049 59.400084 81.000151 89.46 14.25 92.4825 935.41 935.41
#P4 935.41 935.41 935.41 935.41 935.41 -1.8363265 -491.6 -245.80132
#P5 -0.4 2.53225 17.28 47 8.255 9.755 10 10
#P6 20 0 18.01 0.75 17.663812 0 -0.07859375 0
#P7 10.7 -90 -1.05 2.0545 21.44 0.88412698 2.5 -1
#P8 -0.515689 0.307546 -2.80637 0.0674377 -0.27375108 -3.7559447 -0.875728 0.042198523
#P9 -1.4853328 -5.16876 -0.7186528 -0.86812799 0.068802 0.39879697 -0.33073904 0.318833
#P10 -0.46893215 -0.85287258 -1.07516 0.186128 -0.21995526 50 
#N 18
#L Time  Epoch  I0  I1  MPF_top  MPF_bot  FF1  FF2  FF3  DTC_FF1  DTC_FF2  DTC_FF3  EMISSION  RAMAN  pd1  tempC  Seconds  Seconds
7.15256e-06 747 165615 1102 57736 57567 1664 0 0 1664 0 0 11562.309 2010.288 -1 22.02438 3 3
3.01486 750 165472 1102 57570 57431 1724 0 0 1724 0 0 11562.309 2010.288 -1 22.02438 3 3
6.03167 753 165467 1102 57518 57452 1720 0 0 1720 0 0 11562.309 2010.288 -1 22.02438 3 3
9.04747 756 165582 1103 57650 57586 1848 0 0 1848 0 0 11562.309 2010.288 -1 22.02438 3 3
12.063 759 166084 1105 57573 57614 1837 0 0 1837 0 0 11562.309 2010.288 -1 22.02438 3 3

#S 48  loopscan 5 3 0
#D Sat Jul 01 13:55:06 2017
#T 3  (Seconds)
#G0 0
#G1 0
#G3 0
#G4 0
#Q 
#P0 0.9 11704.998 11563.503 0 7 5 1.3017526 1.498603
#P1 3.498603 3.4986025 0.76993721 3.6999969 -8.199745 45.900067 1.4983998 1.7526035
#P2 174466 -35005 45020 12438 -3.320255 -4.6300326 -0.057150114 1.3500101
#P3 63.000049 59.400084 81.000151 89.46 14.25 92.4825 935.41 935.41
#P4 935.41 935.41 935.41 935.41 935.41 -1.8363265 -491.6 -245.80132
#P5 0.86 2.53225 17.64 47 8.255 9.755 10 10
#P6 20 0 18.01 0.75 17.663812 0 -0.07859375 0
#P7 10.7 -90 -1.05 2.0545 21.44 0.88412698 2.5 -1
#P8 -0.515689 0.307546 -2.80637 0.0674377 -0.27375108 -3.7559447 -0.875728 0.042198523
#P9 -1.4853328 -5.16876 -0.7186528 -0.86812799 0.068802 0.39879697 -0.33073904 0.318833
#P10 -0.46893215 -0.85287258 -1.07516 0.186128 -0.21995526 50 
#N 18
#L Time  Epoch  I0  I1  MPF_top  MPF_bot  FF1  FF2  FF3  DTC_FF1  DTC_FF2  DTC_FF3  EMISSION  RAMAN  pd1  tempC  Seconds  Seconds
7.86781e-06 765 167103 1104 57304 57195 755 0 0 755 0 0 11562.309 2010.288 -1 22.02438 3 3
3.01552 768 167543 1103 57496 57264 779 0 0 779 0 0 11562.309 2010.288 -1 22.02438 3 3
6.03234 771 167381 1104 57382 57218 843 0 0 843 0 0 11562.309 2010.288 -1 22.02438 3 3
9.04636 774 167427 1104 57396 57359 846 0 0 846 0 0 11562.309 2010.288 -1 22.02438 3 3
12.0625 777 167447 1103 57370 57373 948 0 0 948 0 0 11562.309 2010.288 -1 22.02438 3 3

#S 49  loopscan 5 3 0
#D Sat Jul 01 13:55:21 2017
#T 3  (Seconds)
#G0 0
#G1 0
#G3 0
#G4 0
#Q 
#P0 0.9 11704.998 11563.503 0 7 5 1.3017526 1.498603
#P1 3.498603 3.4986025 0.76993721 3.6999969 -8.199745 45.900067 1.4983998 1.7526035
#P2 174466 -35005 45020 12438 -3.320255 -4.6300326 -0.057150114 1.3500101
#P3 63.000049 59.400084 81.000151 89.46 14.25 92.4825 935.41 935.41
#P4 935.41 935.41 935.41 935.41 935.41 -1.8363265 -491.6 -245.80132
#P5 0.86 2.53225 17.77 47 8.255 9.755 10 10
#P6 20 0 18.01 0.75 17.663812 0 -0.07859375 0
#P7 10.7 -90 -1.05 2.0545 21.44 0.88412698 2.5 -1
#P8 -0.515689 0.307546 -2.80637 0.0674377 -0.27375108 -3.7559447 -0.875728 0.042198523
#P9 -1.4853328 -5.16876 -0.7186528 -0.86812799 0.068802 0.39879697 -0.33073904 0.318833
#P10 -0.46893215 -0.85287258 -1.07516 0.186128 -0.21995526 50 
#N 18
#L Time  Epoch  I0  I1  MPF_top  MPF_bot  FF1  FF2  FF3  DTC_FF1  DTC_FF2  DTC_FF3  EMISSION  RAMAN  pd1  tempC  Seconds  Seconds
6.91414e-06 780 167386 1102 57281 57270 1575 0 0 1575 0 0 11562.309 2010.288 -1 22.02438 3 3
3.01496 783 167360 1103 57258 57275 1543 0 0 1543 0 0 11562.309 2010.288 -1 22.02438 3 3
6.03067 786 167315 1104 57281 57215 1638 0 0 1638 0 0 11562.309 2010.288 -1 22.02438 3 3
9.04652 789 167348 1103 57400 57229 1675 0 0 1675 0 0 11562.309 2010.288 -1 22.02438 3 3
12.0631 792 167217 1105 57282 57098 1700 0 0 1700 0 0 11562.309 2010.288 -1 22.02438 3 3

#S 50  loopscan 5 3 0
#D Sat Jul 01 13:55:37 2017
#T 3  (Seconds)
#G0 0
#G1 0
#G3 0
#G4 0
#Q 
#P0 0.9 11704.998 11563.503 0 7 5 1.3017526 1.498603
#P1 3.498603 3.4986025 0.76993721 3.6999969 -8.199745 45.900067 1.4983998 1.7526035
#P2 174466 -35005 45020 12438 -3.320255 -4.6300326 -0.057150114 1.3500101
#P3 63.000049 59.400084 81.000151 89.46 14.25 92.4825 935.41 935.41
#P4 935.41 935.41 935.41 935.41 935.41 -1.8363265 -491.6 -245.80132
#P5 0.42 2.53225 17.64 47 8.255 9.755 10 10
#P6 20 0 18.01 0.75 17.663812 0 -0.07859375 0
#P7 10.7 -90 -1.05 2.0545 21.44 0.88412698 2.5 -1
#P8 -0.515689 0.307546 -2.80637 0.0674377 -0.27375108 -3.7559447 -0.875728 0.042198523
#P9 -1.4853328 -5.16876 -0.7186528 -0.86812799 0.068802 0.39879697 -0.33073904 0.318833
#P10 -0.46893215 -0.85287258 -1.07516 0.186128 -0.21995526 50 
#N 18
#L Time  Epoch  I0  I1  MPF_top  MPF_bot  FF1  FF2  FF3  DTC_FF1  DTC_FF2  DTC_FF3  EMISSION  RAMAN  pd1  tempC  Seconds  Seconds
6.91414e-06 796 167125 1103 57270 57109 1263 0 0 1263 0 0 11562.309 2010.288 -1 22.02438 3 3
3.01485 799 167343 1103 57359 57281 1224 0 0 1224 0 0 11562.309 2010.288 -1 22.02438 3 3
6.03135 802 167292 1103 57298 57348 1255 0 0 1255 0 0 11562.309 2010.288 -1 22.02438 3 3
9.04829 805 167186 1103 57259 57290 1426 0 0 1426 0 0 11562.309 2010.288 -1 22.02438 3 3
12.0637 808 167209 1104 57294 57310 1414 0 0 1414 0 0 11562.309 2010.288 -1 22.02438 3 3

#S 51  loopscan 5 3 0
#D Sat Jul 01 13:55:53 2017
#T 3  (Seconds)
#G0 0
#G1 0
#G3 0
#G4 0
#Q 
#P0 0.9 11704.998 11563.503 0 7 5 1.3017526 1.498603
#P1 3.498603 3.4986025 0.76993721 3.6999969 -8.199745 45.900067 1.4983998 1.7526035
#P2 174466 -35005 45020 12438 -3.320255 -4.6300326 -0.057150114 1.3500101
#P3 63.000049 59.400084 81.000151 89.46 14.25 92.4825 935.41 935.41
#P4 935.41 935.41 935.41 935.41 935.41 -1.8363265 -491.6 -245.80132
#P5 0.42 2.53225 17.77 47 8.255 9.755 10 10
#P6 20 0 18.01 0.75 17.663812 0 -0.07859375 0
#P7 10.7 -90 -1.05 2.0545 21.44 0.88412698 2.5 -1
#P8 -0.515689 0.307546 -2.80637 0.0674377 -0.27375108 -3.7559447 -0.875728 0.042198523
#P9 -1.4853328 -5.16876 -0.7186528 -0.86812799 0.068802 0.39879697 -0.33073904 0.318833
#P10 -0.46893215 -0.85287258 -1.07516 0.186128 -0.21995526 50 
#N 18
#L Time  Epoch  I0  I1  MPF_top  MPF_bot  FF1  FF2  FF3  DTC_FF1  DTC_FF2  DTC_FF3  EMISSION  RAMAN  pd1  tempC  Seconds  Seconds
6.91414e-06 812 167218 1104 57395 57310 1716 0 0 1716 0 0 11562.309 2010.288 -1 22.02438 3 3
3.0153 815 167169 1105 57360 57240 1704 0 0 1704 0 0 11562.309 2010.288 -1 22.02438 3 3
6.03277 818 167119 1104 57297 57248 1825 0 0 1825 0 0 11562.309 2010.288 -1 22.02438 3 3
9.04914 821 167150 1104 57317 57293 1909 0 0 1909 0 0 11562.309 2010.288 -1 22.02438 3 3
12.0661 824 167139 1104 57268 57323 1909 0 0 1909 0 0 11562.309 2010.288 -1 22.02438 3 3

#S 52  loopscan 5 3 0
#D Sat Jul 01 13:56:09 2017
#T 3  (Seconds)
#G0 0
#G1 0
#G3 0
#G4 0
#Q 
#P0 0.9 11704.998 11563.503 0 7 5 1.3017526 1.498603
#P1 3.498603 3.4986025 0.76993721 3.6999969 -8.199745 45.900067 1.4983998 1.7526035
#P2 174466 -35005 45020 12438 -3.320255 -4.6300326 -0.057150114 1.3500101
#P3 63.000049 59.400084 81.000151 89.46 14.25 92.4825 935.41 935.41
#P4 935.41 935.41 935.41 935.41 935.41 -1.8363265 -491.6 -245.80132
#P5 0.04 2.53225 17.64 47 8.255 9.755 10 10
#P6 20 0 18.01 0.75 17.663812 0 -0.07859375 0
#P7 10.7 -90 -1.05 2.0545 21.44 0.88412698 2.5 -1
#P8 -0.515689 0.307546 -2.80637 0.0674377 -0.27375108 -3.7559447 -0.875728 0.042198523
#P9 -1.4853328 -5.16876 -0.7186528 -0.86812799 0.068802 0.39879697 -0.33073904 0.318833
#P10 -0.46893215 -0.85287258 -1.07516 0.186128 -0.21995526 50 
#N 18
#L Time  Epoch  I0  I1  MPF_top  MPF_bot  FF1  FF2  FF3  DTC_FF1  DTC_FF2  DTC_FF3  EMISSION  RAMAN  pd1  tempC  Seconds  Seconds
7.15256e-06 828 167074 1103 57233 57340 1471 0 0 1471 0 0 11562.309 2010.288 -1 22.02438 3 3
3.01522 831 167210 1104 57356 57393 1520 0 0 1520 0 0 11562.309 2010.288 -1 22.02438 3 3
6.03231 834 167156 1104 57313 57360 1582 0 0 1582 0 0 11562.309 2010.288 -1 22.02438 3 3
9.0507 837 167154 1104 57306 57454 1691 0 0 1691 0 0 11562.309 2010.288 -1 22.02438 3 3
12.0677 840 167160 1104 57305 57418 1651 0 0 1651 0 0 11562.309 2010.288 -1 22.02438 3 3

#S 53  loopscan 5 3 0
#D Sat Jul 01 13:56:24 2017
#T 3  (Seconds)
#G0 0
#G1 0
#G3 0
#G4 0
#Q 
#P0 0.9 11704.998 11563.503 0 7 5 1.3017526 1.498603
#P1 3.498603 3.4986025 0.76993721 3.6999969 -8.199745 45.900067 1.4983998 1.7526035
#P2 174466 -35005 45020 12438 -3.320255 -4.6300326 -0.057150114 1.3500101
#P3 63.000049 59.400084 81.000151 89.46 14.25 92.4825 935.41 935.41
#P4 935.41 935.41 935.41 935.41 935.41 -1.8363265 -491.6 -245.80132
#P5 -0.04 2.53225 17.77 47 8.255 9.755 10 10
#P6 20 0 18.01 0.75 17.663812 0 -0.07859375 0
#P7 10.7 -90 -1.05 2.0545 21.44 0.88412698 2.5 -1
#P8 -0.515689 0.307546 -2.80637 0.0674377 -0.27375108 -3.7559447 -0.875728 0.042198523
#P9 -1.4853328 -5.16876 -0.7186528 -0.86812799 0.068802 0.39879697 -0.33073904 0.318833
#P10 -0.46893215 -0.85287258 -1.07516 0.186128 -0.21995526 50 
#N 18
#L Time  Epoch  I0  I1  MPF_top  MPF_bot  FF1  FF2  FF3  DTC_FF1  DTC_FF2  DTC_FF3  EMISSION  RAMAN  pd1  tempC  Seconds  Seconds
8.10623e-06 843 167164 1105 57372 57464 1606 0 0 1606 0 0 11562.309 2010.288 -1 22.02438 3 3
3.01517 846 166983 1104 57272 57237 1597 0 0 1597 0 0 11562.309 2010.288 -1 22.02438 3 3
6.03168 849 167128 1104 57450 57393 1695 0 0 1695 0 0 11562.309 2010.288 -1 22.02438 3 3
9.04779 852 166985 1105 57388 57262 1594 0 0 1594 0 0 11562.309 2010.288 -1 22.02438 3 3
12.0639 855 167025 1104 57433 57293 1655 0 0 1655 0 0 11562.309 2010.288 -1 22.02438 3 3

#S 54  loopscan 5 3 0
#D Sat Jul 01 13:56:40 2017
#T 3  (Seconds)
#G0 0
#G1 0
#G3 0
#G4 0
#Q 
#P0 0.9 11704.998 11563.503 0 7 5 1.3017526 1.498603
#P1 3.498603 3.4986025 0.76993721 3.6999969 -8.199745 45.900067 1.4983998 1.7526035
#P2 174466 -35005 45020 12438 -3.320255 -4.6300326 -0.057150114 1.3500101
#P3 63.000049 59.400084 81.000151 89.46 14.25 92.4825 935.41 935.41
#P4 935.41 935.41 935.41 935.41 935.41 -1.8363265 -491.6 -245.80132
#P5 -0.39 2.53225 17.64 47 8.255 9.755 10 10
#P6 20 0 18.01 0.75 17.663812 0 -0.07859375 0
#P7 10.7 -90 -1.05 2.0545 21.44 0.88412698 2.5 -1
#P8 -0.515689 0.307546 -2.80637 0.0674377 -0.27375108 -3.7559447 -0.875728 0.042198523
#P9 -1.4853328 -5.16876 -0.7186528 -0.86812799 0.068802 0.39879697 -0.33073904 0.318833
#P10 -0.46893215 -0.85287258 -1.07516 0.186128 -0.21995526 50 
#N 18
#L Time  Epoch  I0  I1  MPF_top  MPF_bot  FF1  FF2  FF3  DTC_FF1  DTC_FF2  DTC_FF3  EMISSION  RAMAN  pd1  tempC  Seconds  Seconds
8.10623e-06 859 166853 1105 57314 57176 1975 0 0 1975 0 0 11562.309 2010.288 -1 22.02438 3 3
3.01416 862 166983 1104 57439 57305 2096 0 0 2096 0 0 11562.309 2010.288 -1 22.02438 3 3
6.02914 865 166889 1104 57460 57194 2069 0 0 2069 0 0 11562.309 2010.288 -1 22.02438 3 3
9.04545 868 166887 1104 57485 57174 2090 0 0 2090 0 0 11562.309 2010.288 -1 22.02438 3 3
12.062 871 166828 1103 57414 57172 2158 0 0 2158 0 0 11562.309 2010.288 -1 22.02438 3 3

#S 55  loopscan 5 3 0
#D Sat Jul 01 13:56:56 2017
#T 3  (Seconds)
#G0 0
#G1 0
#G3 0
#G4 0
#Q 
#P0 0.9 11704.998 11563.503 0 7 5 1.3017526 1.498603
#P1 3.498603 3.4986025 0.76993721 3.6999969 -8.199745 45.900067 1.4983998 1.7526035
#P2 174466 -35005 45020 12438 -3.320255 -4.6300326 -0.057150114 1.3500101
#P3 63.000049 59.400084 81.000151 89.46 14.25 92.4825 935.41 935.41
#P4 935.41 935.41 935.41 935.41 935.41 -1.8363265 -491.6 -245.80132
#P5 -0.39 2.53225 17.77 47 8.255 9.755 10 10
#P6 20 0 18.01 0.75 17.663812 0 -0.07859375 0
#P7 10.7 -90 -1.05 2.0545 21.44 0.88412698 2.5 -1
#P8 -0.515689 0.307546 -2.80637 0.0674377 -0.27375108 -3.7559447 -0.875728 0.042198523
#P9 -1.4853328 -5.16876 -0.7186528 -0.86812799 0.068802 0.39879697 -0.33073904 0.318833
#P10 -0.46893215 -0.85287258 -1.07516 0.186128 -0.21995526 50 
#N 18
#L Time  Epoch  I0  I1  MPF_top  MPF_bot  FF1  FF2  FF3  DTC_FF1  DTC_FF2  DTC_FF3  EMISSION  RAMAN  pd1  tempC  Seconds  Seconds
7.86781e-06 875 166814 1103 57392 57207 1231 0 0 1231 0 0 11562.309 2010.288 -1 22.02438 3 3
3.01423 878 166693 1103 57248 57180 1210 0 0 1210 0 0 11562.309 2010.288 -1 22.02438 3 3
6.03106 881 166707 1103 57182 57308 1327 0 0 1327 0 0 11562.309 2010.288 -1 22.02438 3 3
9.04726 884 166596 1102 57065 57277 1257 0 0 1257 0 0 11562.309 2010.288 -1 22.02438 3 3
12.0643 887 166568 1103 57075 57285 1317 0 0 1317 0 0 11562.309 2010.288 -1 22.02438 3 3

#S 56  loopscan 5 3 0
#D Sat Jul 01 13:57:11 2017
#T 3  (Seconds)
#G0 0
#G1 0
#G3 0
#G4 0
#Q 
#P0 0.9 11704.998 11563.503 0 7 5 1.3017526 1.498603
#P1 3.498603 3.4986025 0.76993721 3.6999969 -8.199745 45.900067 1.4983998 1.7526035
#P2 174466 -35005 45020 12438 -3.320255 -4.6300326 -0.057150114 1.3500101
#P3 63.000049 59.400084 81.000151 89.46 14.25 92.4825 935.41 935.41
#P4 935.41 935.41 935.41 935.41 935.41 -1.8363265 -491.6 -245.80132
#P5 -0.34 2.53225 18.12 47 8.255 9.755 10 10
#P6 20 0 18.01 0.75 17.663812 0 -0.07859375 0
#P7 10.7 -90 -1.05 2.0545 21.44 0.88412698 2.5 -1
#P8 -0.515689 0.307546 -2.80637 0.0674377 -0.27375108 -3.7559447 -0.875728 0.042198523
#P9 -1.4853328 -5.16876 -0.7186528 -0.86812799 0.068802 0.39879697 -0.33073904 0.318833
#P10 -0.46893215 -0.85287258 -1.07516 0.186128 -0.21995526 50 
#N 18
#L Time  Epoch  I0  I1  MPF_top  MPF_bot  FF1  FF2  FF3  DTC_FF1  DTC_FF2  DTC_FF3  EMISSION  RAMAN  pd1  tempC  Seconds  Seconds
7.86781e-06 890 166648 1103 57221 57333 1826 0 0 1826 0 0 11562.309 2010.288 -1 22.02438 3 3
3.016 893 166673 1102 57264 57362 1781 0 0 1781 0 0 11562.309 2010.288 -1 22.02438 3 3
6.03293 896 166633 1103 57235 57279 1751 0 0 1751 0 0 11562.309 2010.288 -1 22.02438 3 3
9.05039 899 166643 1102 57286 57314 1858 0 0 1858 0 0 11562.309 2010.288 -1 22.02438 3 3
12.0651 902 166582 1103 57276 57263 1841 0 0 1841 0 0 11562.309 2010.288 -1 22.02438 3 3

#S 57  loopscan 5 3 0
#D Sat Jul 01 13:57:27 2017
#T 3  (Seconds)
#G0 0
#G1 0
#G3 0
#G4 0
#Q 
#P0 0.9 11704.998 11563.503 0 7 5 1.3017526 1.498603
#P1 3.498603 3.4986025 0.76993721 3.6999969 -8.199745 45.900067 1.4983998 1.7526035
#P2 174466 -35005 45020 12438 -3.320255 -4.6300326 -0.057150114 1.3500101
#P3 63.000049 59.400084 81.000151 89.46 14.25 92.4825 935.41 935.41
#P4 935.41 935.41 935.41 935.41 935.41 -1.8363265 -491.6 -245.80132
#P5 -0.34 2.53225 18.23 47 8.255 9.755 10 10
#P6 20 0 18.01 0.75 17.663812 0 -0.07859375 0
#P7 10.7 -90 -1.05 2.0545 21.44 0.88412698 2.5 -1
#P8 -0.515689 0.307546 -2.80637 0.0674377 -0.27375108 -3.7559447 -0.875728 0.042198523
#P9 -1.4853328 -5.16876 -0.7186528 -0.86812799 0.068802 0.39879697 -0.33073904 0.318833
#P10 -0.46893215 -0.85287258 -1.07516 0.186128 -0.21995526 50 
#N 18
#L Time  Epoch  I0  I1  MPF_top  MPF_bot  FF1  FF2  FF3  DTC_FF1  DTC_FF2  DTC_FF3  EMISSION  RAMAN  pd1  tempC  Seconds  Seconds
7.15256e-06 906 166524 1103 57201 57287 2140 0 0 2140 0 0 11562.309 2010.288 -1 22.02438 3 3
3.01516 909 166539 1104 57316 57279 2118 0 0 2118 0 0 11562.309 2010.288 -1 22.02438 3 3
6.03191 912 166399 1103 57312 57084 2122 0 0 2122 0 0 11562.309 2010.288 -1 22.02438 3 3
9.04746 915 166373 1104 57316 57118 2131 0 0 2131 0 0 11562.309 2010.288 -1 22.02438 3 3
12.0632 918 166266 1104 57138 57193 2183 0 0 2183 0 0 11562.309 2010.288 -1 22.02438 3 3

#S 58  loopscan 5 3 0
#D Sat Jul 01 13:57:43 2017
#T 3  (Seconds)
#G0 0
#G1 0
#G3 0
#G4 0
#Q 
#P0 0.9 11704.998 11563.503 0 7 5 1.3017526 1.498603
#P1 3.498603 3.4986025 0.76993721 3.6999969 -8.199745 45.900067 1.4983998 1.7526035
#P2 174466 -35005 45020 12438 -3.320255 -4.6300326 -0.057150114 1.3500101
#P3 63.000049 59.400084 81.000151 89.46 14.25 92.4825 935.41 935.41
#P4 935.41 935.41 935.41 935.41 935.41 -1.8363265 -491.6 -245.80132
#P5 0.06 2.53225 18.12 47 8.255 9.755 10 10
#P6 20 0 18.01 0.75 17.663812 0 -0.07859375 0
#P7 10.7 -90 -1.05 2.0545 21.44 0.88412698 2.5 -1
#P8 -0.515689 0.307546 -2.80637 0.0674377 -0.27375108 -3.7559447 -0.875728 0.042198523
#P9 -1.4853328 -5.16876 -0.7186528 -0.86812799 0.068802 0.39879697 -0.33073904 0.318833
#P10 -0.46893215 -0.85287258 -1.07516 0.186128 -0.21995526 50 
#N 18
#L Time  Epoch  I0  I1  MPF_top  MPF_bot  FF1  FF2  FF3  DTC_FF1  DTC_FF2  DTC_FF3  EMISSION  RAMAN  pd1  tempC  Seconds  Seconds
8.10623e-06 922 166266 1104 57117 57325 1954 0 0 1954 0 0 11562.309 2010.288 -1 22.02438 3 3
3.01511 925 166417 1103 57155 57513 2038 0 0 2038 0 0 11562.309 2010.288 -1 22.02438 3 3
6.03191 928 166411 1103 57134 57530 2065 0 0 2065 0 0 11562.309 2010.288 -1 22.02438 3 3
9.0467 931 166371 1103 57210 57462 2094 0 0 2094 0 0 11562.309 2010.288 -1 22.02438 3 3
12.0648 934 166476 1103 57396 57530 2080 0 0 2080 0 0 11562.309 2010.288 -1 22.02438 3 3

#S 59  loopscan 5 3 0
#D Sat Jul 01 13:57:58 2017
#T 3  (Seconds)
#G0 0
#G1 0
#G3 0
#G4 0
#Q 
#P0 0.9 11704.998 11563.503 0 7 5 1.3017526 1.498603
#P1 3.498603 3.4986025 0.76993721 3.6999969 -8.199745 45.900067 1.4983998 1.7526035
#P2 174466 -35005 45020 12438 -3.320255 -4.6300326 -0.057150114 1.3500101
#P3 63.000049 59.400084 81.000151 89.46 14.25 92.4825 935.41 935.41
#P4 935.41 935.41 935.41 935.41 935.41 -1.8363265 -491.6 -245.80132
#P5 0.06 2.53225 18.23 47 8.255 9.755 10 10
#P6 20 0 18.01 0.75 17.663812 0 -0.07859375 0
#P7 10.7 -90 -1.05 2.0545 21.44 0.88412698 2.5 -1
#P8 -0.515689 0.307546 -2.80637 0.0674377 -0.27375108 -3.7559447 -0.875728 0.042198523
#P9 -1.4853328 -5.16876 -0.7186528 -0.86812799 0.068802 0.39879697 -0.33073904 0.318833
#P10 -0.46893215 -0.85287258 -1.07516 0.186128 -0.21995526 50 
#N 18
#L Time  Epoch  I0  I1  MPF_top  MPF_bot  FF1  FF2  FF3  DTC_FF1  DTC_FF2  DTC_FF3  EMISSION  RAMAN  pd1  tempC  Seconds  Seconds
6.91414e-06 937 166414 1103 57366 57496 2611 0 0 2611 0 0 11562.309 2010.288 -1 22.02438 3 3
3.01767 940 166391 1103 57304 57536 2659 0 0 2659 0 0 11562.309 2010.288 -1 22.02438 3 3
6.03289 943 166295 1103 57233 57459 2582 0 0 2582 0 0 11562.309 2010.288 -1 22.02438 3 3
9.05071 946 166367 1103 57376 57523 2647 0 0 2647 0 0 11562.309 2010.288 -1 22.02438 3 3
12.0656 949 166370 1103 57411 57471 2665 0 0 2665 0 0 11562.309 2010.288 -1 22.02438 3 3

#S 60  loopscan 5 3 0
#D Sat Jul 01 13:58:14 2017
#T 3  (Seconds)
#G0 0
#G1 0
#G3 0
#G4 0
#Q 
#P0 0.9 11704.998 11563.503 0 7 5 1.3017526 1.498603
#P1 3.498603 3.4986025 0.76993721 3.6999969 -8.199745 45.900067 1.4983998 1.7526035
#P2 174466 -35005 45020 12438 -3.320255 -4.6300326 -0.057150114 1.3500101
#P3 63.000049 59.400084 81.000151 89.46 14.25 92.4825 935.41 935.41
#P4 935.41 935.41 935.41 935.41 935.41 -1.8363265 -491.6 -245.80132
#P5 0.47 2.53225 18.12 47 8.255 9.755 10 10
#P6 20 0 18.01 0.75 17.663812 0 -0.07859375 0
#P7 10.7 -90 -1.05 2.0545 21.44 0.88412698 2.5 -1
#P8 -0.515689 0.307546 -2.80637 0.0674377 -0.27375108 -3.7559447 -0.875728 0.042198523
#P9 -1.4853328 -5.16876 -0.7186528 -0.86812799 0.068802 0.39879697 -0.33073904 0.318833
#P10 -0.46893215 -0.85287258 -1.07516 0.186128 -0.21995526 50 
#N 18
#L Time  Epoch  I0  I1  MPF_top  MPF_bot  FF1  FF2  FF3  DTC_FF1  DTC_FF2  DTC_FF3  EMISSION  RAMAN  pd1  tempC  Seconds  Seconds
7.86781e-06 953 166356 1103 57513 57469 1556 0 0 1556 0 0 11562.309 2010.288 -1 22.02438 3 3
3.01488 956 166286 1104 57523 57351 1711 0 0 1711 0 0 11562.309 2010.288 -1 22.02438 3 3
6.02965 959 166333 1103 57587 57435 1714 0 0 1714 0 0 11562.309 2010.288 -1 22.02438 3 3
9.04429 962 166296 1102 57541 57513 1731 0 0 1731 0 0 11562.309 2010.288 -1 22.02438 3 3
12.0607 965 166264 1102 57399 57601 1639 0 0 1639 0 0 11562.309 2010.288 -1 22.02438 3 3

#S 61  loopscan 5 3 0
#D Sat Jul 01 13:58:29 2017
#T 3  (Seconds)
#G0 0
#G1 0
#G3 0
#G4 0
#Q 
#P0 0.9 11704.998 11563.503 0 7 5 1.3017526 1.498603
#P1 3.498603 3.4986025 0.76993721 3.6999969 -8.199745 45.900067 1.4983998 1.7526035
#P2 174466 -35005 45020 12438 -3.320255 -4.6300326 -0.057150114 1.3500101
#P3 63.000049 59.400084 81.000151 89.46 14.25 92.4825 935.41 935.41
#P4 935.41 935.41 935.41 935.41 935.41 -1.8363265 -491.6 -245.80132
#P5 0.47 2.53225 18.23 47 8.255 9.755 10 10
#P6 20 0 18.01 0.75 17.663812 0 -0.07859375 0
#P7 10.7 -90 -1.05 2.0545 21.44 0.88412698 2.5 -1
#P8 -0.515689 0.307546 -2.80637 0.0674377 -0.27375108 -3.7559447 -0.875728 0.042198523
#P9 -1.4853328 -5.16876 -0.7186528 -0.86812799 0.068802 0.39879697 -0.33073904 0.318833
#P10 -0.46893215 -0.85287258 -1.07516 0.186128 -0.21995526 50 
#N 18
#L Time  Epoch  I0  I1  MPF_top  MPF_bot  FF1  FF2  FF3  DTC_FF1  DTC_FF2  DTC_FF3  EMISSION  RAMAN  pd1  tempC  Seconds  Seconds
7.15256e-06 968 166313 1103 57445 57657 2697 0 0 2697 0 0 11562.309 2010.288 -1 22.02438 3 3
3.01471 971 166280 1103 57417 57573 2709 0 0 2709 0 0 11562.309 2010.288 -1 22.02438 3 3
6.02933 974 166180 1102 57388 57492 2661 0 0 2661 0 0 11562.309 2010.288 -1 22.02438 3 3
9.04445 977 166174 1103 57393 57604 2814 0 0 2814 0 0 11562.309 2010.288 -1 22.02438 3 3
12.0601 981 166114 1104 57354 57527 2733 0 0 2733 0 0 11562.309 2010.288 -1 22.02438 3 3

#S 62  loopscan 5 3 0
#D Sat Jul 01 13:58:45 2017
#T 3  (Seconds)
#G0 0
#G1 0
#G3 0
#G4 0
#Q 
#P0 0.9 11704.998 11563.503 0 7 5 1.3017526 1.498603
#P1 3.498603 3.4986025 0.76993721 3.6999969 -8.199745 45.900067 1.4983998 1.7526035
#P2 174466 -35005 45020 12438 -3.320255 -4.6300326 -0.057150114 1.3500101
#P3 63.000049 59.400084 81.000151 89.46 14.25 92.4825 935.41 935.41
#P4 935.41 935.41 935.41 935.41 935.41 -1.8363265 -491.6 -245.80132
#P5 0.89 2.53225 18.12 47 8.255 9.755 10 10
#P6 20 0 18.01 0.75 17.663812 0 -0.07859375 0
#P7 10.7 -90 -1.05 2.0545 21.44 0.88412698 2.5 -1
#P8 -0.515689 0.307546 -2.80637 0.0674377 -0.27375108 -3.7559447 -0.875728 0.042198523
#P9 -1.4853328 -5.16876 -0.7186528 -0.86812799 0.068802 0.39879697 -0.33073904 0.318833
#P10 -0.46893215 -0.85287258 -1.07516 0.186128 -0.21995526 50 
#N 18
#L Time  Epoch  I0  I1  MPF_top  MPF_bot  FF1  FF2  FF3  DTC_FF1  DTC_FF2  DTC_FF3  EMISSION  RAMAN  pd1  tempC  Seconds  Seconds
2.28882e-05 984 166107 1105 57428 57574 942 0 0 942 0 0 11562.309 2010.288 -1 22.02438 3 3
3.01499 987 166168 1104 57439 57649 1035 0 0 1035 0 0 11562.309 2010.288 -1 22.02438 3 3
6.03062 990 166026 1105 57284 57582 1178 0 0 1178 0 0 11562.309 2010.288 -1 22.02438 3 3
9.04681 993 166066 1104 57293 57651 1169 0 0 1169 0 0 11562.309 2010.288 -1 22.02438 3 3
12.0624 996 166119 1104 57403 57724 1396 0 0 1396 0 0 11562.309 2010.288 -1 22.02438 3 3

#S 63  loopscan 5 3 0
#D Sat Jul 01 13:59:01 2017
#T 3  (Seconds)
#G0 0
#G1 0
#G3 0
#G4 0
#Q 
#P0 0.9 11704.998 11563.503 0 7 5 1.3017526 1.498603
#P1 3.498603 3.4986025 0.76993721 3.6999969 -8.199745 45.900067 1.4983998 1.7526035
#P2 174466 -35005 45020 12438 -3.320255 -4.6300326 -0.057150114 1.3500101
#P3 63.000049 59.400084 81.000151 89.46 14.25 92.4825 935.41 935.41
#P4 935.41 935.41 935.41 935.41 935.41 -1.8363265 -491.6 -245.80132
#P5 0.89 2.53225 18.23 47 8.255 9.755 10 10
#P6 20 0 18.01 0.75 17.663812 0 -0.07859375 0
#P7 10.7 -90 -1.05 2.0545 21.44 0.88412698 2.5 -1
#P8 -0.515689 0.307546 -2.80637 0.0674377 -0.27375108 -3.7559447 -0.875728 0.042198523
#P9 -1.4853328 -5.16876 -0.7186528 -0.86812799 0.068802 0.39879697 -0.33073904 0.318833
#P10 -0.46893215 -0.85287258 -1.07516 0.186128 -0.21995526 50 
#N 18
#L Time  Epoch  I0  I1  MPF_top  MPF_bot  FF1  FF2  FF3  DTC_FF1  DTC_FF2  DTC_FF3  EMISSION  RAMAN  pd1  tempC  Seconds  Seconds
7.86781e-06 1000 166179 1105 57526 57744 1868 0 0 1868 0 0 11562.309 2010.288 -1 22.02438 3 3
3.01535 1003 166051 1105 57408 57591 1794 0 0 1794 0 0 11562.309 2010.288 -1 22.02438 3 3
6.03236 1006 165977 1105 57447 57481 1847 0 0 1847 0 0 11562.309 2010.288 -1 22.02438 3 3
9.05025 1009 165961 1105 57485 57535 1839 0 0 1839 0 0 11562.309 2010.288 -1 22.02438 3 3
12.0672 1012 165982 1105 57429 57646 1776 0 0 1776 0 0 11562.309 2010.288 -1 22.02438 3 3

#S 64  loopscan 5 3 0
#D Sat Jul 01 13:59:17 2017
#T 3  (Seconds)
#G0 0
#G1 0
#G3 0
#G4 0
#Q 
#P0 0.9 11704.998 11563.503 0 7 5 1.3017526 1.498603
#P1 3.498603 3.4986025 0.76993721 3.6999969 -8.199745 45.900067 1.4983998 1.7526035
#P2 174466 -35005 45020 12438 -3.320255 -4.6300326 -0.057150114 1.3500101
#P3 63.000049 59.400084 81.000151 89.46 14.25 92.4825 935.41 935.41
#P4 935.41 935.41 935.41 935.41 935.41 -1.8363265 -491.6 -245.80132
#P5 0.83 2.53225 18.72 47 8.255 9.755 10 10
#P6 20 0 18.01 0.75 17.663812 0 -0.07859375 0
#P7 10.7 -90 -1.05 2.0545 21.44 0.88412698 2.5 -1
#P8 -0.515689 0.307546 -2.80637 0.0674377 -0.27375108 -3.7559447 -0.875728 0.042198523
#P9 -1.4853328 -5.16876 -0.7186528 -0.86812799 0.068802 0.39879697 -0.33073904 0.318833
#P10 -0.46893215 -0.85287258 -1.07516 0.186128 -0.21995526 50 
#N 18
#L Time  Epoch  I0  I1  MPF_top  MPF_bot  FF1  FF2  FF3  DTC_FF1  DTC_FF2  DTC_FF3  EMISSION  RAMAN  pd1  tempC  Seconds  Seconds
7.15256e-06 1016 165887 1107 57397 57600 1654 0 0 1654 0 0 11562.309 2010.288 -1 22.02438 3 3
3.01364 1019 165811 1106 57343 57489 1615 0 0 1615 0 0 11562.309 2010.288 -1 22.02438 3 3
6.03194 1022 165870 1105 57440 57493 1627 0 0 1627 0 0 11562.309 2010.288 -1 22.02438 3 3
9.04692 1025 165745 1105 57456 57328 1659 0 0 1659 0 0 11562.309 2010.288 -1 22.02438 3 3
12.0629 1028 165860 1105 57635 57502 1703 0 0 1703 0 0 11562.309 2010.288 -1 22.02438 3 3

#S 65  loopscan 5 3 0
#D Sat Jul 01 13:59:32 2017
#T 3  (Seconds)
#G0 0
#G1 0
#G3 0
#G4 0
#Q 
#P0 0.9 11704.998 11563.503 0 7 5 1.3017526 1.498603
#P1 3.498603 3.4986025 0.76993721 3.6999969 -8.199745 45.900067 1.4983998 1.7526035
#P2 174466 -35005 45020 12438 -3.320255 -4.6300326 -0.057150114 1.3500101
#P3 63.000049 59.400084 81.000151 89.46 14.25 92.4825 935.41 935.41
#P4 935.41 935.41 935.41 935.41 935.41 -1.8363265 -491.6 -245.80132
#P5 0.83 2.53225 18.83 47 8.255 9.755 10 10
#P6 20 0 18.01 0.75 17.663812 0 -0.07859375 0
#P7 10.7 -90 -1.05 2.0545 21.44 0.88412698 2.5 -1
#P8 -0.515689 0.307546 -2.80637 0.0674377 -0.27375108 -3.7559447 -0.875728 0.042198523
#P9 -1.4853328 -5.16876 -0.7186528 -0.86812799 0.068802 0.39879697 -0.33073904 0.318833
#P10 -0.46893215 -0.85287258 -1.07516 0.186128 -0.21995526 50 
#N 18
#L Time  Epoch  I0  I1  MPF_top  MPF_bot  FF1  FF2  FF3  DTC_FF1  DTC_FF2  DTC_FF3  EMISSION  RAMAN  pd1  tempC  Seconds  Seconds
6.91414e-06 1031 165814 1104 57616 57487 1507 0 0 1507 0 0 11562.309 2010.288 -1 22.02438 3 3
3.01662 1034 165680 1105 57450 57415 1551 0 0 1551 0 0 11562.309 2010.288 -1 22.02438 3 3
6.03415 1037 165715 1106 57463 57501 1612 0 0 1612 0 0 11562.309 2010.288 -1 22.02438 3 3
9.05227 1040 165739 1106 57484 57580 1644 0 0 1644 0 0 11562.309 2010.288 -1 22.02438 3 3
12.0677 1043 165712 1105 57417 57601 1583 0 0 1583 0 0 11562.309 2010.288 -1 22.02438 3 3

#S 66  loopscan 5 3 0
#D Sat Jul 01 13:59:48 2017
#T 3  (Seconds)
#G0 0
#G1 0
#G3 0
#G4 0
#Q 
#P0 0.9 11704.998 11563.503 0 7 5 1.3017526 1.498603
#P1 3.498603 3.4986025 0.76993721 3.6999969 -8.199745 45.900067 1.4983998 1.7526035
#P2 174466 -35005 45020 12438 -3.320255 -4.6300326 -0.057150114 1.3500101
#P3 63.000049 59.400084 81.000151 89.46 14.25 92.4825 935.41 935.41
#P4 935.41 935.41 935.41 935.41 935.41 -1.8363265 -491.6 -245.80132
#P5 0.34 2.53225 18.72 47 8.255 9.755 10 10
#P6 20 0 18.01 0.75 17.663812 0 -0.07859375 0
#P7 10.7 -90 -1.05 2.0545 21.44 0.88412698 2.5 -1
#P8 -0.515689 0.307546 -2.80637 0.0674377 -0.27375108 -3.7559447 -0.875728 0.042198523
#P9 -1.4853328 -5.16876 -0.7186528 -0.86812799 0.068802 0.39879697 -0.33073904 0.318833
#P10 -0.46893215 -0.85287258 -1.07516 0.186128 -0.21995526 50 
#N 18
#L Time  Epoch  I0  I1  MPF_top  MPF_bot  FF1  FF2  FF3  DTC_FF1  DTC_FF2  DTC_FF3  EMISSION  RAMAN  pd1  tempC  Seconds  Seconds
6.91414e-06 1047 165678 1106 57447 57582 1736 0 0 1736 0 0 11562.309 2010.288 -1 22.02438 3 3
3.01541 1050 165530 1106 57316 57349 1660 0 0 1660 0 0 11562.309 2010.288 -1 22.02438 3 3
6.03537 1053 165640 1105 57510 57459 1718 0 0 1718 0 0 11562.309 2010.288 -1 22.02438 3 3
9.05263 1056 165587 1105 57470 57370 1749 0 0 1749 0 0 11562.309 2010.288 -1 22.02438 3 3
12.0704 1060 166277 1105 57632 57376 1731 0 0 1731 0 0 11562.309 2010.288 -1 22.02438 3 3

#S 67  loopscan 5 3 0
#D Sat Jul 01 14:00:04 2017
#T 3  (Seconds)
#G0 0
#G1 0
#G3 0
#G4 0
#Q 
#P0 0.9 11704.998 11563.503 0 7 5 1.3017526 1.498603
#P1 3.498603 3.4986025 0.76993721 3.6999969 -8.199745 45.900067 1.4983998 1.7526035
#P2 174466 -35005 45020 12438 -3.320255 -4.6300326 -0.057150114 1.3500101
#P3 63.000049 59.400084 81.000151 89.46 14.25 92.4825 935.41 935.41
#P4 935.41 935.41 935.41 935.41 935.41 -1.8363265 -491.6 -245.80132
#P5 0.34 2.53225 18.83 47 8.255 9.755 10 10
#P6 20 0 18.01 0.75 17.663812 0 -0.07859375 0
#P7 10.7 -90 -1.05 2.0545 21.44 0.88412698 2.5 -1
#P8 -0.515689 0.307546 -2.80637 0.0674377 -0.27375108 -3.7559447 -0.875728 0.042198523
#P9 -1.4853328 -5.16876 -0.7186528 -0.86812799 0.068802 0.39879697 -0.33073904 0.318833
#P10 -0.46893215 -0.85287258 -1.07516 0.186128 -0.21995526 50 
#N 18
#L Time  Epoch  I0  I1  MPF_top  MPF_bot  FF1  FF2  FF3  DTC_FF1  DTC_FF2  DTC_FF3  EMISSION  RAMAN  pd1  tempC  Seconds  Seconds
8.10623e-06 1063 167177 1104 57486 57325 1595 0 0 1595 0 0 11562.309 2010.288 -1 22.02438 3 3
3.01461 1066 167451 1105 57233 57278 1534 0 0 1534 0 0 11562.309 2010.288 -1 22.02438 3 3
6.03148 1069 167559 1105 57225 57406 1554 0 0 1554 0 0 11562.309 2010.288 -1 22.02438 3 3
9.04684 1072 167540 1105 57146 57423 1642 0 0 1642 0 0 11562.309 2010.288 -1 22.02438 3 3
12.0622 1075 167534 1104 57138 57396 1750 0 0 1750 0 0 11562.309 2010.288 -1 22.02438 3 3

#S 68  loopscan 5 3 0
#D Sat Jul 01 14:00:20 2017
#T 3  (Seconds)
#G0 0
#G1 0
#G3 0
#G4 0
#Q 
#P0 0.9 11704.998 11563.503 0 7 5 1.3017526 1.498603
#P1 3.498603 3.4986025 0.76993721 3.6999969 -8.199745 45.900067 1.4983998 1.7526035
#P2 174466 -35005 45020 12438 -3.320255 -4.6300326 -0.057150114 1.3500101
#P3 63.000049 59.400084 81.000151 89.46 14.25 92.4825 935.41 935.41
#P4 935.41 935.41 935.41 935.41 935.41 -1.8363265 -491.6 -245.80132
#P5 -0.24 2.53225 18.72 47 8.255 9.755 10 10
#P6 20 0 18.01 0.75 17.663812 0 -0.07859375 0
#P7 10.7 -90 -1.05 2.0545 21.44 0.88412698 2.5 -1
#P8 -0.515689 0.307546 -2.80637 0.0674377 -0.27375108 -3.7559447 -0.875728 0.042198523
#P9 -1.4853328 -5.16876 -0.7186528 -0.86812799 0.068802 0.39879697 -0.33073904 0.318833
#P10 -0.46893215 -0.85287258 -1.07516 0.186128 -0.21995526 50 
#N 18
#L Time  Epoch  I0  I1  MPF_top  MPF_bot  FF1  FF2  FF3  DTC_FF1  DTC_FF2  DTC_FF3  EMISSION  RAMAN  pd1  tempC  Seconds  Seconds
8.10623e-06 1079 167532 1105 57303 57238 1689 0 0 1689 0 0 11562.309 2010.288 -1 22.02438 3 3
3.01514 1082 167590 1106 57321 57219 1702 0 0 1702 0 0 11562.309 2010.288 -1 22.02438 3 3
6.0308 1085 167391 1105 57130 57159 1742 0 0 1742 0 0 11562.309 2010.288 -1 22.02438 3 3
9.04784 1088 167396 1106 57154 57192 1741 0 0 1741 0 0 11562.309 2010.288 -1 22.02438 3 3
12.0664 1091 167332 1105 57145 57162 1716 0 0 1716 0 0 11562.309 2010.288 -1 22.02438 3 3

#S 69  loopscan 5 3 0
#D Sat Jul 01 14:00:36 2017
#T 3  (Seconds)
#G0 0
#G1 0
#G3 0
#G4 0
#Q 
#P0 0.9 11704.998 11563.503 0 7 5 1.3017526 1.498603
#P1 3.498603 3.4986025 0.76993721 3.6999969 -8.199745 45.900067 1.4983998 1.7526035
#P2 174466 -35005 45020 12438 -3.320255 -4.6300326 -0.057150114 1.3500101
#P3 63.000049 59.400084 81.000151 89.46 14.25 92.4825 935.41 935.41
#P4 935.41 935.41 935.41 935.41 935.41 -1.8363265 -491.6 -245.80132
#P5 -0.24 2.53225 18.83 47 8.255 9.755 10 10
#P6 20 0 18.01 0.75 17.663812 0 -0.07859375 0
#P7 10.7 -90 -1.05 2.0545 21.44 0.88412698 2.5 -1
#P8 -0.515689 0.307546 -2.80637 0.0674377 -0.27375108 -3.7559447 -0.875728 0.042198523
#P9 -1.4853328 -5.16876 -0.7186528 -0.86812799 0.068802 0.39879697 -0.33073904 0.318833
#P10 -0.46893215 -0.85287258 -1.07516 0.186128 -0.21995526 50 
#N 18
#L Time  Epoch  I0  I1  MPF_top  MPF_bot  FF1  FF2  FF3  DTC_FF1  DTC_FF2  DTC_FF3  EMISSION  RAMAN  pd1  tempC  Seconds  Seconds
7.15256e-06 1095 167306 1105 57220 57096 1679 0 0 1679 0 0 11562.309 2010.288 -1 22.02438 3 3
3.01621 1098 167367 1105 57365 57122 1609 0 0 1609 0 0 11562.309 2010.288 -1 22.02438 3 3
6.03565 1101 167323 1106 57340 57072 1544 0 0 1544 0 0 11562.309 2010.288 -1 22.02438 3 3
9.05177 1104 167186 1106 57218 57022 1644 0 0 1644 0 0 11562.309 2010.288 -1 22.02438 3 3
12.0682 1107 167326 1106 57319 57233 1738 0 0 1738 0 0 11562.309 2010.288 -1 22.02438 3 3

#S 70  loopscan 5 3 0
#D Sat Jul 01 14:00:51 2017
#T 3  (Seconds)
#G0 0
#G1 0
#G3 0
#G4 0
#Q 
#P0 0.9 11704.998 11563.503 0 7 5 1.3017526 1.498603
#P1 3.498603 3.4986025 0.76993721 3.6999969 -8.199745 45.900067 1.4983998 1.7526035
#P2 174466 -35005 45020 12438 -3.320255 -4.6300326 -0.057150114 1.3500101
#P3 63.000049 59.400084 81.000151 89.46 14.25 92.4825 935.41 935.41
#P4 935.41 935.41 935.41 935.41 935.41 -1.8363265 -491.6 -245.80132
#P5 -0.3 2.53225 19.22 47 8.255 9.755 10 10
#P6 20 0 18.01 0.75 17.663812 0 -0.07859375 0
#P7 10.7 -90 -1.05 2.0545 21.44 0.88412698 2.5 -1
#P8 -0.515689 0.307546 -2.80637 0.0674377 -0.27375108 -3.7559447 -0.875728 0.042198523
#P9 -1.4853328 -5.16876 -0.7186528 -0.86812799 0.068802 0.39879697 -0.33073904 0.318833
#P10 -0.46893215 -0.85287258 -1.07516 0.186128 -0.21995526 50 
#N 18
#L Time  Epoch  I0  I1  MPF_top  MPF_bot  FF1  FF2  FF3  DTC_FF1  DTC_FF2  DTC_FF3  EMISSION  RAMAN  pd1  tempC  Seconds  Seconds
7.15256e-06 1111 167202 1106 57210 57117 2018 0 0 2018 0 0 11562.309 2010.288 -1 22.02438 3 3
3.01514 1114 167112 1106 57141 57004 2000 0 0 2000 0 0 11562.309 2010.288 -1 22.02438 3 3
6.03079 1117 167077 1106 57118 57004 2055 0 0 2055 0 0 11562.309 2010.288 -1 22.02438 3 3
9.04759 1120 167007 1106 57092 56980 2065 0 0 2065 0 0 11562.309 2010.288 -1 22.02438 3 3
12.062 1123 167011 1106 57130 57064 2059 0 0 2059 0 0 11562.309 2010.288 -1 22.02438 3 3
