###############################################################
#Number of atoms in chain 800
#Number of cells 200
#Short Pt-X force constant 186.000000 N/M
#Long Pt-X force constant 18.600000 N/M
#Short X-X force constant -20.000000 N/M
#Long X-X force constant -20.000000 N/M
#Pt-Pt force constant 43.000000 N/M
#Distance between atom pair 2.327310 x10^-10 M
#Temperature 298.000000 K
#Acoustic MSRD 0.000293527 x10^-20 M^2
#Nu3 Optical MSRD 6.06361e-05 x10^-20 M^2
#Nu1 Optical MSRD 0.00161849 x10^-20 M^2
#Nu2 Optical MSRD 0.00133 x10^-20 M^2
#Total MSRD 0.00330265 x10^-20 M^2
###############################################################
0.000000 0.000002
0.001447 0.570611
-0.001447 0.570611
0.004341 1.141241
-0.004341 1.141241
0.007235 1.711909
-0.007235 1.711909
0.010130 2.282634
-0.010130 2.282634
0.013024 2.853434
-0.013024 2.853434
0.015918 3.424326
-0.015918 3.424326
0.018812 3.995328
-0.018812 3.995328
0.021706 4.566455
-0.021706 4.566455
0.024600 5.137724
-0.024600 5.137724
0.027494 5.709148
-0.027494 5.709148
0.030389 6.280740
-0.030389 6.280740
0.033283 6.852511
-0.033283 6.852511
0.036177 7.424473
-0.036177 7.424473
0.039071 7.996632
-0.039071 7.996632
0.041965 8.568996
-0.041965 8.568996
0.044859 9.141569
-0.044859 9.141569
0.047753 9.714354
-0.047753 9.714354
0.050648 10.287351
-0.050648 10.287351
0.053542 10.860559
-0.053542 10.860559
0.056436 11.433973
-0.056436 11.433973
0.059330 12.007586
-0.059330 12.007586
0.062224 12.581388
-0.062224 12.581388
0.065118 13.155366
-0.065118 13.155366
0.068012 13.729505
-0.068012 13.729505
0.070907 14.303785
-0.070907 14.303785
0.073801 14.878184
-0.073801 14.878184
0.076695 15.452677
-0.076695 15.452677
0.079589 16.027233
-0.079589 16.027233
0.082483 16.601818
-0.082483 16.601818
0.085377 17.176397
-0.085377 17.176397
0.088271 17.750926
-0.088271 17.750926
0.091166 18.325360
-0.091166 18.325360
0.094060 18.899648
-0.094060 18.899648
0.096954 19.473735
-0.096954 19.473735
0.099848 20.047560
-0.099848 20.047560
0.102742 20.621059
-0.102742 20.621059
0.105636 21.194160
-0.105636 21.194160
0.108530 21.766788
-0.108530 21.766788
0.111425 22.338861
-0.111425 22.338861
0.114319 22.910291
-0.114319 22.910291
0.117213 23.480983
-0.117213 23.480983
0.120107 24.050838
-0.120107 24.050838
0.123001 24.619748
-0.123001 24.619748
0.125895 25.187600
-0.125895 25.187600
0.128789 25.754272
-0.128789 25.754272
0.131684 26.319635
-0.131684 26.319635
0.134578 26.883554
-0.134578 26.883554
0.137472 27.445882
-0.137472 27.445882
0.140366 28.006468
-0.140366 28.006468
0.143260 28.565149
-0.143260 28.565149
0.146154 29.121754
-0.146154 29.121754
0.149048 29.676104
-0.149048 29.676104
0.151943 30.228008
-0.151943 30.228008
0.154837 30.777266
-0.154837 30.777266
0.157731 31.323668
-0.157731 31.323668
0.160625 31.866990
-0.160625 31.866990
0.163519 32.407000
-0.163519 32.407000
0.166413 32.943453
-0.166413 32.943453
0.169307 33.476092
-0.169307 33.476092
0.172202 34.004647
-0.172202 34.004647
0.175096 34.528835
-0.175096 34.528835
0.177990 35.048359
-0.177990 35.048359
0.180884 35.562910
-0.180884 35.562910
0.183778 36.072162
-0.183778 36.072162
0.186672 36.575777
-0.186672 36.575777
0.189566 37.073400
-0.189566 37.073400
0.192461 37.564662
-0.192461 37.564662
0.195355 38.049178
-0.195355 38.049178
0.198249 38.526548
-0.198249 38.526548
0.201143 38.996354
-0.201143 38.996354
0.204037 39.458165
-0.204037 39.458165
0.206931 39.911531
-0.206931 39.911531
0.209825 40.355991
-0.209825 40.355991
0.212720 40.791063
-0.212720 40.791063
0.215614 41.216254
-0.215614 41.216254
0.218508 41.631057
-0.218508 41.631057
0.221402 42.034948
-0.221402 42.034948
0.224296 42.427395
-0.224296 42.427395
0.227190 42.807852
-0.227190 42.807852
0.230084 43.175766
-0.230084 43.175766
0.232979 43.530572
-0.232979 43.530572
0.235873 43.871704
-0.235873 43.871704
0.238767 44.198591
-0.238767 44.198591
0.241661 44.510660
-0.241661 44.510660
0.244555 44.807343
-0.244555 44.807343
0.247449 45.088075
-0.247449 45.088075
0.250343 45.352301
-0.250343 45.352301
0.253238 45.599480
-0.253238 45.599480
0.256132 45.829087
-0.256132 45.829087
0.259026 46.040617
-0.259026 46.040617
0.261920 46.233592
-0.261920 46.233592
0.264814 46.407561
-0.264814 46.407561
0.267708 46.562109
-0.267708 46.562109
0.270602 46.696857
-0.270602 46.696857
0.273497 46.811469
-0.273497 46.811469
0.276391 46.905652
-0.276391 46.905652
0.279285 46.979163
-0.279285 46.979163
0.282179 47.031811
-0.282179 47.031811
0.285073 47.063456
-0.285073 47.063456
0.287967 47.074013
-0.287967 101.476094
-0.287967 101.486859
0.287967 101.486859
-0.285073 101.519126
0.285073 101.519126
-0.282179 101.572806
0.282179 101.572806
-0.279285 101.647757
0.279285 101.647757
-0.276391 101.743777
0.276391 101.743777
-0.273497 101.860615
0.273497 101.860615
-0.270602 101.997966
0.270602 101.997966
-0.267708 102.155479
0.267708 102.155479
-0.264814 102.332761
0.264814 102.332761
-0.261920 102.529376
0.261920 102.529376
-0.259026 102.744854
0.259026 102.744854
-0.256132 102.978693
0.256132 102.978693
-0.253238 103.230362
0.253238 103.230362
-0.250343 103.499308
0.250343 103.499308
-0.247449 103.784959
0.247449 103.784959
-0.244555 104.086726
0.244555 104.086726
-0.241661 104.404009
0.241661 104.404009
-0.238767 104.736200
0.238767 104.736200
-0.235873 105.082685
0.235873 105.082685
-0.232979 105.442848
0.232979 105.442848
-0.230084 105.816073
0.230084 105.816073
-0.227190 106.201746
0.227190 106.201746
-0.224296 106.599259
0.224296 106.599259
-0.221402 107.008008
0.221402 107.008008
-0.218508 107.427399
0.218508 107.427399
-0.215614 107.856844
0.215614 107.856844
-0.212720 108.295766
0.212720 108.295766
-0.209825 108.743598
0.209825 108.743598
-0.206931 109.199784
0.206931 109.199784
-0.204037 109.663780
0.204037 109.663780
-0.201143 110.135052
0.201143 110.135052
-0.198249 110.613077
0.198249 110.613077
-0.195355 111.097345
0.195355 111.097345
-0.192461 111.587355
0.192461 111.587355
-0.189566 112.082619
0.189566 112.082619
-0.186672 112.582658
0.186672 112.582658
-0.183778 113.087003
0.183778 113.087003
-0.180884 113.595195
0.180884 113.595195
-0.177990 114.106784
0.177990 114.106784
-0.175096 114.621329
0.175096 114.621329
-0.172202 115.138397
0.172202 115.138397
-0.169307 115.657561
0.169307 115.657561
-0.166413 116.178404
0.166413 116.178404
-0.163519 116.700511
0.163519 116.700511
-0.160625 117.223476
0.160625 117.223476
-0.157731 117.746898
0.157731 117.746898
-0.154837 118.270379
0.154837 118.270379
-0.151943 118.793527
0.151943 118.793527
-0.149048 119.315953
0.149048 119.315953
-0.146154 119.837269
0.146154 119.837269
-0.143260 120.357093
0.143260 120.357093
-0.140366 120.875043
0.140366 120.875043
-0.137472 121.390740
0.137472 121.390740
-0.134578 121.903805
0.134578 121.903805
-0.131684 122.413861
0.131684 122.413861
-0.128789 122.920532
0.128789 122.920532
-0.125895 123.423440
0.125895 123.423440
-0.123001 123.922210
0.123001 123.922210
-0.120107 124.416465
0.120107 124.416465
-0.117213 124.905828
0.117213 124.905828
-0.114319 125.389922
0.114319 125.389922
-0.111425 125.868369
0.111425 125.868369
-0.108530 126.340791
0.108530 126.340791
-0.105636 126.806807
0.105636 126.806807
-0.102742 127.266037
0.102742 127.266037
-0.099848 127.718102
0.099848 127.718102
-0.096954 128.162618
0.096954 128.162618
-0.094060 128.599206
0.094060 128.599206
-0.091166 129.027483
0.091166 129.027483
-0.088271 129.447067
0.088271 129.447067
-0.085377 129.857578
0.085377 129.857578
-0.082483 130.258635
0.082483 130.258635
-0.079589 130.649859
0.079589 130.649859
-0.076695 131.030875
0.076695 131.030875
-0.073801 131.401307
0.073801 131.401307
-0.070907 131.760784
0.070907 131.760784
-0.068012 132.108940
0.068012 132.108940
-0.065118 132.445410
0.065118 132.445410
-0.062224 132.769838
0.062224 132.769838
-0.059330 133.081873
0.059330 133.081873
-0.056436 133.381169
0.056436 133.381169
-0.053542 133.667391
0.053542 133.667391
-0.050648 133.940211
0.050648 133.940211
-0.047753 134.199313
0.047753 134.199313
-0.044859 134.444388
0.044859 134.444388
-0.041965 134.675144
0.041965 134.675144
-0.039071 134.891297
0.039071 134.891297
-0.036177 135.092582
0.036177 135.092582
-0.033283 135.278744
0.033283 135.278744
-0.030389 135.449549
0.030389 135.449549
-0.027494 135.604775
0.027494 135.604775
-0.024600 135.744221
0.024600 135.744221
-0.021706 135.867704
0.021706 135.867704
-0.018812 135.975061
0.018812 135.975061
-0.015918 136.066147
0.015918 136.066147
-0.013024 136.140842
0.013024 136.140842
-0.010130 136.199044
0.010130 136.199044
-0.007235 136.240673
0.007235 136.240673
-0.004341 136.265673
0.004341 136.265673
-0.001447 136.274010
0.001447 244.228589
0.001447 244.237765
-0.001447 244.237765
0.004341 244.265279
-0.004341 244.265279
0.007235 244.311095
-0.007235 244.311095
0.010130 244.375149
-0.010130 244.375149
0.013024 244.457357
-0.013024 244.457357
0.015918 244.557607
-0.015918 244.557607
0.018812 244.675765
-0.018812 244.675765
0.021706 244.811675
-0.021706 244.811675
0.024600 244.965157
-0.024600 244.965157
0.027494 245.136010
-0.027494 245.136010
0.030389 245.324012
-0.030389 245.324012
0.033283 245.528922
-0.033283 245.528922
0.036177 245.750479
-0.036177 245.750479
0.039071 245.988405
-0.039071 245.988405
0.041965 246.242405
-0.041965 246.242405
0.044859 246.512166
-0.044859 246.512166
0.047753 246.797362
-0.047753 246.797362
0.050648 247.097653
-0.050648 247.097653
0.053542 247.412686
-0.053542 247.412686
0.056436 247.742096
-0.056436 247.742096
0.059330 248.085507
-0.059330 248.085507
0.062224 248.442534
-0.062224 248.442534
0.065118 248.812783
-0.065118 248.812783
0.068012 249.195851
-0.068012 249.195851
0.070907 249.591329
-0.070907 249.591329
0.073801 249.998801
-0.073801 249.998801
0.076695 250.417848
-0.076695 250.417848
0.079589 250.848043
-0.079589 250.848043
0.082483 251.288956
-0.082483 251.288956
0.085377 251.740155
-0.085377 251.740155
0.088271 252.201204
-0.088271 252.201204
0.091166 252.671665
-0.091166 252.671665
0.094060 253.151098
-0.094060 253.151098
0.096954 253.639061
-0.096954 253.639061
0.099848 254.135112
-0.099848 254.135112
0.102742 254.638808
-0.102742 254.638808
0.105636 255.149704
-0.105636 255.149704
0.108530 255.667356
-0.108530 255.667356
0.111425 256.191321
-0.111425 256.191321
0.114319 256.721152
-0.114319 256.721152
0.117213 257.256406
-0.117213 257.256406
0.120107 257.796637
-0.120107 257.796637
0.123001 258.341402
-0.123001 258.341402
0.125895 258.890253
-0.125895 258.890253
0.128789 259.442747
-0.128789 259.442747
0.131684 259.998438
-0.131684 259.998438
0.134578 260.556880
-0.134578 260.556880
0.137472 261.117626
-0.137472 261.117626
0.140366 261.680228
-0.140366 261.680228
0.143260 262.244237
-0.143260 262.244237
0.146154 262.809204
-0.146154 262.809204
0.149048 263.374676
-0.149048 263.374676
0.151943 263.940199
-0.151943 263.940199
0.154837 264.505318
-0.154837 264.505318
0.157731 265.069574
-0.157731 265.069574
0.160625 265.632506
-0.160625 265.632506
0.163519 266.193648
-0.163519 266.193648
0.166413 266.752533
-0.166413 266.752533
0.169307 267.308689
-0.169307 267.308689
0.172202 267.861640
-0.172202 267.861640
0.175096 268.410906
-0.175096 268.410906
0.177990 268.956001
-0.177990 268.956001
0.180884 269.496436
-0.180884 269.496436
0.183778 270.031715
-0.183778 270.031715
0.186672 270.561337
-0.186672 270.561337
0.189566 271.084798
-0.189566 271.084798
0.192461 271.601585
-0.192461 271.601585
0.195355 272.111182
-0.195355 272.111182
0.198249 272.613064
-0.198249 272.613064
0.201143 273.106705
-0.201143 273.106705
0.204037 273.591570
-0.204037 273.591570
0.206931 274.067121
-0.206931 274.067121
0.209825 274.532814
-0.209825 274.532814
0.212720 274.988102
-0.212720 274.988102
0.215614 275.432433
-0.215614 275.432433
0.218508 275.865254
-0.218508 275.865254
0.221402 276.286009
-0.221402 276.286009
0.224296 276.694140
-0.224296 276.694140
0.227190 277.089092
-0.227190 277.089092
0.230084 277.470309
-0.230084 277.470309
0.232979 277.837240
-0.232979 277.837240
0.235873 278.189338
-0.235873 278.189338
0.238767 278.526063
-0.238767 278.526063
0.241661 278.846883
-0.241661 278.846883
0.244555 279.151279
-0.244555 279.151279
0.247449 279.438744
-0.247449 279.438744
0.250343 279.708785
-0.250343 279.708785
0.253238 279.960930
-0.253238 279.960930
0.256132 280.194728
-0.256132 280.194728
0.259026 280.409748
-0.259026 280.409748
0.261920 280.605588
-0.261920 280.605588
0.264814 280.781876
-0.264814 280.781876
0.267708 280.938267
-0.267708 280.938267
0.270602 281.074455
-0.270602 281.074455
0.273497 281.190165
-0.273497 281.190165
0.276391 281.285164
-0.276391 281.285164
0.279285 281.359256
-0.279285 281.359256
0.282179 281.412290
-0.282179 281.412290
0.285073 281.444155
-0.285073 281.444155
0.287967 281.454783
-0.287967 341.211022
-0.287967 341.218044
0.287967 341.218044
-0.285073 341.239089
0.285073 341.239089
-0.282179 341.274097
0.282179 341.274097
-0.279285 341.322966
0.279285 341.322966
-0.276391 341.385557
0.276391 341.385557
-0.273497 341.461691
0.273497 341.461691
-0.270602 341.551156
0.270602 341.551156
-0.267708 341.653701
0.267708 341.653701
-0.264814 341.769047
0.264814 341.769047
-0.261920 341.896883
0.261920 341.896883
-0.259026 342.036871
0.259026 342.036871
-0.256132 342.188648
0.256132 342.188648
-0.253238 342.351827
0.253238 342.351827
-0.250343 342.526005
0.250343 342.526005
-0.247449 342.710759
0.247449 342.710759
-0.244555 342.905654
0.244555 342.905654
-0.241661 343.110240
0.241661 343.110240
-0.238767 343.324061
0.238767 343.324061
-0.235873 343.546654
0.235873 343.546654
-0.232979 343.777550
0.232979 343.777550
-0.230084 344.016277
0.230084 344.016277
-0.227190 344.262364
0.227190 344.262364
-0.224296 344.515340
0.224296 344.515340
-0.221402 344.774738
0.221402 344.774738
-0.218508 345.040093
0.218508 345.040093
-0.215614 345.310949
0.215614 345.310949
-0.212720 345.586852
0.212720 345.586852
-0.209825 345.867359
0.209825 345.867359
-0.206931 346.152033
0.206931 346.152033
-0.204037 346.440448
0.204037 346.440448
-0.201143 346.732187
0.201143 346.732187
-0.198249 347.026842
0.198249 347.026842
-0.195355 347.324016
0.195355 347.324016
-0.192461 347.623322
0.192461 347.623322
-0.189566 347.924386
0.189566 347.924386
-0.186672 348.226843
0.186672 348.226843
-0.183778 348.530339
0.183778 348.530339
-0.180884 348.834532
0.180884 348.834532
-0.177990 349.139090
0.177990 349.139090
-0.175096 349.443691
0.175096 349.443691
-0.172202 349.748027
0.172202 349.748027
-0.169307 350.051797
0.169307 350.051797
-0.166413 350.354711
0.166413 350.354711
-0.163519 350.656491
0.163519 350.656491
-0.160625 350.956867
0.160625 350.956867
-0.157731 351.255578
0.157731 351.255578
-0.154837 351.552376
0.154837 351.552376
-0.151943 351.847018
0.151943 351.847018
-0.149048 352.139271
0.149048 352.139271
-0.146154 352.428912
0.146154 352.428912
-0.143260 352.715726
0.143260 352.715726
-0.140366 352.999504
0.140366 352.999504
-0.137472 353.280047
0.137472 353.280047
-0.134578 353.557164
0.134578 353.557164
-0.131684 353.830668
0.131684 353.830668
-0.128789 354.100383
0.128789 354.100383
-0.125895 354.366138
0.125895 354.366138
-0.123001 354.627768
0.123001 354.627768
-0.120107 354.885116
0.120107 354.885116
-0.117213 355.138029
0.117213 355.138029
-0.114319 355.386363
0.114319 355.386363
-0.111425 355.629977
0.111425 355.629977
-0.108530 355.868737
0.108530 355.868737
-0.105636 356.102514
0.105636 356.102514
-0.102742 356.331184
0.102742 356.331184
-0.099848 356.554630
0.099848 356.554630
-0.096954 356.772736
0.096954 356.772736
-0.094060 356.985395
0.094060 356.985395
-0.091166 357.192501
0.091166 357.192501
-0.088271 357.393956
0.088271 357.393956
-0.085377 357.589663
0.085377 357.589663
-0.082483 357.779530
0.082483 357.779530
-0.079589 357.963472
0.079589 357.963472
-0.076695 358.141405
0.076695 358.141405
-0.073801 358.313248
0.073801 358.313248
-0.070907 358.478927
0.070907 358.478927
-0.068012 358.638370
0.068012 358.638370
-0.065118 358.791508
0.065118 358.791508
-0.062224 358.938276
0.062224 358.938276
-0.059330 359.078613
0.059330 359.078613
-0.056436 359.212461
0.056436 359.212461
-0.053542 359.339764
0.053542 359.339764
-0.050648 359.460471
0.050648 359.460471
-0.047753 359.574534
0.047753 359.574534
-0.044859 359.681907
0.044859 359.681907
-0.041965 359.782547
0.041965 359.782547
-0.039071 359.876415
0.039071 359.876415
-0.036177 359.963474
0.036177 359.963474
-0.033283 360.043691
0.033283 360.043691
-0.030389 360.117035
0.030389 360.117035
-0.027494 360.183478
0.027494 360.183478
-0.024600 360.242994
0.024600 360.242994
-0.021706 360.295561
0.021706 360.295561
-0.018812 360.341159
0.018812 360.341159
-0.015918 360.379771
0.015918 360.379771
-0.013024 360.411382
0.013024 360.411382
-0.010130 360.435980
0.010130 360.435980
-0.007235 360.453557
0.007235 360.453557
-0.004341 360.464106
0.004341 360.464106
-0.001447 360.467623
