###############################################################
#Number of atoms in chain 800
#Number of cells 200
#Short Pt-X force constant 186.000000 N/M
#Long Pt-X force constant 18.600000 N/M
#Short X-X force constant -10.000000 N/M
#Long X-X force constant -10.000000 N/M
#Pt-Pt force constant 33.000000 N/M
#Distance between atom pair 3.100190 x10^-10 M
#Temperature 298.000000 K
#Acoustic MSRD 0.0066153 x10^-20 M^2
#Nu3 Optical MSRD 0.00383505 x10^-20 M^2
#Nu1 Optical MSRD 0.00141268 x10^-20 M^2
#Nu2 Optical MSRD 0.000712014 x10^-20 M^2
#Total MSRD 0.012575 x10^-20 M^2
###############################################################
0.000000 0.000002
0.001447 0.757484
-0.001447 0.757484
0.004341 1.514947
-0.004341 1.514947
0.007235 2.272368
-0.007235 2.272368
0.010130 3.029728
-0.010130 3.029728
0.013024 3.787004
-0.013024 3.787004
0.015918 4.544176
-0.015918 4.544176
0.018812 5.301222
-0.018812 5.301222
0.021706 6.058122
-0.021706 6.058122
0.024600 6.814852
-0.024600 6.814852
0.027494 7.571391
-0.027494 7.571391
0.030389 8.327717
-0.030389 8.327717
0.033283 9.083805
-0.033283 9.083805
0.036177 9.839633
-0.036177 9.839633
0.039071 10.595176
-0.039071 10.595176
0.041965 11.350410
-0.041965 11.350410
0.044859 12.105310
-0.044859 12.105310
0.047753 12.859848
-0.047753 12.859848
0.050648 13.614000
-0.050648 13.614000
0.053542 14.367736
-0.053542 14.367736
0.056436 15.121028
-0.056436 15.121028
0.059330 15.873848
-0.059330 15.873848
0.062224 16.626164
-0.062224 16.626164
0.065118 17.377945
-0.065118 17.377945
0.068012 18.129158
-0.068012 18.129158
0.070907 18.879770
-0.070907 18.879770
0.073801 19.629745
-0.073801 19.629745
0.076695 20.379047
-0.076695 20.379047
0.079589 21.127638
-0.079589 21.127638
0.082483 21.875477
-0.082483 21.875477
0.085377 22.622525
-0.085377 22.622525
0.088271 23.368737
-0.088271 23.368737
0.091166 24.114069
-0.091166 24.114069
0.094060 24.858473
-0.094060 24.858473
0.096954 25.601902
-0.096954 25.601902
0.099848 26.344302
-0.099848 26.344302
0.102742 27.085622
-0.102742 27.085622
0.105636 27.825803
-0.105636 27.825803
0.108530 28.564788
-0.108530 28.564788
0.111425 29.302514
-0.111425 29.302514
0.114319 30.038916
-0.114319 30.038916
0.117213 30.773925
-0.117213 30.773925
0.120107 31.507471
-0.120107 31.507471
0.123001 32.239476
-0.123001 32.239476
0.125895 32.969862
-0.125895 32.969862
0.128789 33.698544
-0.128789 33.698544
0.131684 34.425433
-0.131684 34.425433
0.134578 35.150436
-0.134578 35.150436
0.137472 35.873455
-0.137472 35.873455
0.140366 36.594384
-0.140366 36.594384
0.143260 37.313112
-0.143260 37.313112
0.146154 38.029523
-0.146154 38.029523
0.149048 38.743493
-0.149048 38.743493
0.151943 39.454888
-0.151943 39.454888
0.154837 40.163570
-0.154837 40.163570
0.157731 40.869389
-0.157731 40.869389
0.160625 41.572186
-0.160625 41.572186
0.163519 42.271794
-0.163519 42.271794
0.166413 42.968032
-0.166413 42.968032
0.169307 43.660708
-0.169307 43.660708
0.172202 44.349618
-0.172202 44.349618
0.175096 45.034541
-0.175096 45.034541
0.177990 45.715245
-0.177990 45.715245
0.180884 46.391477
-0.180884 46.391477
0.183778 47.062969
-0.183778 47.062969
0.186672 47.729432
-0.186672 47.729432
0.189566 48.390556
-0.189566 48.390556
0.192461 49.046008
-0.192461 49.046008
0.195355 49.695430
-0.195355 49.695430
0.198249 50.338435
-0.198249 50.338435
0.201143 50.974610
-0.201143 50.974610
0.204037 51.603506
-0.204037 51.603506
0.206931 52.224642
-0.206931 52.224642
0.209825 52.837497
-0.209825 52.837497
0.212720 53.441511
-0.212720 53.441511
0.215614 54.036080
-0.215614 54.036080
0.218508 54.620550
-0.218508 54.620550
0.221402 55.194221
-0.221402 55.194221
0.224296 55.756334
-0.224296 55.756334
0.227190 56.306077
-0.227190 56.306077
0.230084 56.842574
-0.230084 56.842574
0.232979 57.364888
-0.232979 57.364888
0.235873 57.872015
-0.235873 57.872015
0.238767 58.362886
-0.238767 58.362886
0.241661 58.836362
-0.241661 58.836362
0.244555 59.291240
-0.244555 59.291240
0.247449 59.726251
-0.247449 59.726251
0.250343 60.140069
-0.250343 60.140069
0.253238 60.531315
-0.253238 60.531315
0.256132 60.898570
-0.256132 60.898570
0.259026 61.240387
-0.259026 61.240387
0.261920 61.555310
-0.261920 61.555310
0.264814 61.841892
-0.264814 61.841892
0.267708 62.098724
-0.267708 62.098724
0.270602 62.324458
-0.270602 62.324458
0.273497 62.517840
-0.273497 62.517840
0.276391 62.677741
-0.276391 62.677741
0.279285 62.803184
-0.279285 62.803184
0.282179 62.893375
-0.282179 62.893375
0.285073 62.947730
-0.285073 62.947730
0.287967 62.965889
-0.287967 92.826808
-0.287967 92.842698
0.287967 92.842698
-0.285073 92.890246
0.285073 92.890246
-0.282179 92.969089
0.282179 92.969089
-0.279285 93.078634
0.279285 93.078634
-0.276391 93.218082
0.276391 93.218082
-0.273497 93.386446
0.273497 93.386446
-0.270602 93.582583
0.270602 93.582583
-0.267708 93.805224
0.267708 93.805224
-0.264814 94.053005
0.264814 94.053005
-0.261920 94.324496
0.261920 94.324496
-0.259026 94.618230
0.259026 94.618230
-0.256132 94.932726
0.256132 94.932726
-0.253238 95.266512
0.253238 95.266512
-0.250343 95.618138
0.250343 95.618138
-0.247449 95.986196
0.247449 95.986196
-0.244555 96.369326
0.244555 96.369326
-0.241661 96.766224
0.241661 96.766224
-0.238767 97.175649
0.238767 97.175649
-0.235873 97.596423
0.235873 97.596423
-0.232979 98.027433
0.232979 98.027433
-0.230084 98.467632
0.230084 98.467632
-0.227190 98.916035
0.227190 98.916035
-0.224296 99.371719
0.224296 99.371719
-0.221402 99.833818
0.221402 99.833818
-0.218508 100.301522
0.218508 100.301522
-0.215614 100.774073
0.215614 100.774073
-0.212720 101.250761
0.212720 101.250761
-0.209825 101.730921
0.209825 101.730921
-0.206931 102.213930
0.206931 102.213930
-0.204037 102.699203
0.204037 102.699203
-0.201143 103.186193
0.201143 103.186193
-0.198249 103.674382
0.198249 103.674382
-0.195355 104.163284
0.195355 104.163284
-0.192461 104.652442
0.192461 104.652442
-0.189566 105.141420
0.189566 105.141420
-0.186672 105.629810
0.186672 105.629810
-0.183778 106.117222
0.183778 106.117222
-0.180884 106.603286
0.180884 106.603286
-0.177990 107.087650
0.177990 107.087650
-0.175096 107.569977
0.175096 107.569977
-0.172202 108.049947
0.172202 108.049947
-0.169307 108.527252
0.169307 108.527252
-0.166413 109.001596
0.166413 109.001596
-0.163519 109.472694
0.163519 109.472694
-0.160625 109.940274
0.160625 109.940274
-0.157731 110.404071
0.157731 110.404071
-0.154837 110.863830
0.154837 110.863830
-0.151943 111.319302
0.151943 111.319302
-0.149048 111.770248
0.149048 111.770248
-0.146154 112.216436
0.146154 112.216436
-0.143260 112.657637
0.143260 112.657637
-0.140366 113.093632
0.140366 113.093632
-0.137472 113.524204
0.137472 113.524204
-0.134578 113.949144
0.134578 113.949144
-0.131684 114.368246
0.131684 114.368246
-0.128789 114.781309
0.128789 114.781309
-0.125895 115.188137
0.125895 115.188137
-0.123001 115.588537
0.123001 115.588537
-0.120107 115.982320
0.120107 115.982320
-0.117213 116.369301
0.117213 116.369301
-0.114319 116.749300
0.114319 116.749300
-0.111425 117.122138
0.111425 117.122138
-0.108530 117.487641
0.108530 117.487641
-0.105636 117.845638
0.105636 117.845638
-0.102742 118.195961
0.102742 118.195961
-0.099848 118.538447
0.099848 118.538447
-0.096954 118.872933
0.096954 118.872933
-0.094060 119.199263
0.094060 119.199263
-0.091166 119.517281
0.091166 119.517281
-0.088271 119.826836
0.088271 119.826836
-0.085377 120.127782
0.085377 120.127782
-0.082483 120.419974
0.082483 120.419974
-0.079589 120.703270
0.079589 120.703270
-0.076695 120.977534
0.076695 120.977534
-0.073801 121.242633
0.073801 121.242633
-0.070907 121.498437
0.070907 121.498437
-0.068012 121.744820
0.068012 121.744820
-0.065118 121.981661
0.065118 121.981661
-0.062224 122.208841
0.062224 122.208841
-0.059330 122.426247
0.059330 122.426247
-0.056436 122.633770
0.056436 122.633770
-0.053542 122.831306
0.053542 122.831306
-0.050648 123.018753
0.050648 123.018753
-0.047753 123.196017
0.047753 123.196017
-0.044859 123.363006
0.044859 123.363006
-0.041965 123.519634
0.041965 123.519634
-0.039071 123.665821
0.039071 123.665821
-0.036177 123.801490
0.036177 123.801490
-0.033283 123.926571
0.033283 123.926571
-0.030389 124.040998
0.030389 124.040998
-0.027494 124.144711
0.027494 124.144711
-0.024600 124.237655
0.024600 124.237655
-0.021706 124.319781
0.021706 124.319781
-0.018812 124.391046
0.018812 124.391046
-0.015918 124.451411
0.015918 124.451411
-0.013024 124.500845
0.013024 124.500845
-0.010130 124.539321
0.010130 124.539321
-0.007235 124.566819
0.007235 124.566819
-0.004341 124.583323
0.004341 124.583323
-0.001447 124.588825
0.001447 280.706452
0.001447 280.710412
-0.001447 280.710412
0.004341 280.722287
-0.004341 280.722287
0.007235 280.742067
-0.007235 280.742067
0.010130 280.769733
-0.010130 280.769733
0.013024 280.805262
-0.013024 280.805262
0.015918 280.848621
-0.015918 280.848621
0.018812 280.899771
-0.018812 280.899771
0.021706 280.958665
-0.021706 280.958665
0.024600 281.025252
-0.024600 281.025252
0.027494 281.099470
-0.027494 281.099470
0.030389 281.181254
-0.030389 281.181254
0.033283 281.270531
-0.033283 281.270531
0.036177 281.367220
-0.036177 281.367220
0.039071 281.471235
-0.039071 281.471235
0.041965 281.582483
-0.041965 281.582483
0.044859 281.700866
-0.044859 281.700866
0.047753 281.826279
-0.047753 281.826279
0.050648 281.958609
-0.050648 281.958609
0.053542 282.097741
-0.053542 282.097741
0.056436 282.243551
-0.056436 282.243551
0.059330 282.395910
-0.059330 282.395910
0.062224 282.554685
-0.062224 282.554685
0.065118 282.719737
-0.065118 282.719737
0.068012 282.890920
-0.068012 282.890920
0.070907 283.068085
-0.070907 283.068085
0.073801 283.251076
-0.073801 283.251076
0.076695 283.439735
-0.076695 283.439735
0.079589 283.633898
-0.079589 283.633898
0.082483 283.833394
-0.082483 283.833394
0.085377 284.038052
-0.085377 284.038052
0.088271 284.247693
-0.088271 284.247693
0.091166 284.462136
-0.091166 284.462136
0.094060 284.681195
-0.094060 284.681195
0.096954 284.904680
-0.096954 284.904680
0.099848 285.132397
-0.099848 285.132397
0.102742 285.364150
-0.102742 285.364150
0.105636 285.599738
-0.105636 285.599738
0.108530 285.838956
-0.108530 285.838956
0.111425 286.081596
-0.111425 286.081596
0.114319 286.327448
-0.114319 286.327448
0.117213 286.576298
-0.117213 286.576298
0.120107 286.827928
-0.120107 286.827928
0.123001 287.082119
-0.123001 287.082119
0.125895 287.338646
-0.125895 287.338646
0.128789 287.597285
-0.128789 287.597285
0.131684 287.857806
-0.131684 287.857806
0.134578 288.119979
-0.134578 288.119979
0.137472 288.383568
-0.137472 288.383568
0.140366 288.648339
-0.140366 288.648339
0.143260 288.914052
-0.143260 288.914052
0.146154 289.180467
-0.146154 289.180467
0.149048 289.447338
-0.149048 289.447338
0.151943 289.714422
-0.151943 289.714422
0.154837 289.981470
-0.154837 289.981470
0.157731 290.248233
-0.157731 290.248233
0.160625 290.514459
-0.160625 290.514459
0.163519 290.779894
-0.163519 290.779894
0.166413 291.044284
-0.166413 291.044284
0.169307 291.307371
-0.169307 291.307371
0.172202 291.568898
-0.172202 291.568898
0.175096 291.828604
-0.175096 291.828604
0.177990 292.086230
-0.177990 292.086230
0.180884 292.341513
-0.180884 292.341513
0.183778 292.594191
-0.183778 292.594191
0.186672 292.844000
-0.186672 292.844000
0.189566 293.090678
-0.189566 293.090678
0.192461 293.333959
-0.192461 293.333959
0.195355 293.573580
-0.195355 293.573580
0.198249 293.809278
-0.198249 293.809278
0.201143 294.040789
-0.201143 294.040789
0.204037 294.267852
-0.204037 294.267852
0.206931 294.490206
-0.206931 294.490206
0.209825 294.707591
-0.209825 294.707591
0.212720 294.919751
-0.212720 294.919751
0.215614 295.126431
-0.215614 295.126431
0.218508 295.327379
-0.218508 295.327379
0.221402 295.522346
-0.221402 295.522346
0.224296 295.711089
-0.224296 295.711089
0.227190 295.893366
-0.227190 295.893366
0.230084 296.068942
-0.230084 296.068942
0.232979 296.237588
-0.232979 296.237588
0.235873 296.399079
-0.235873 296.399079
0.238767 296.553199
-0.238767 296.553199
0.241661 296.699736
-0.241661 296.699736
0.244555 296.838488
-0.244555 296.838488
0.247449 296.969262
-0.247449 296.969262
0.250343 297.091872
-0.250343 297.091872
0.253238 297.206144
-0.253238 297.206144
0.256132 297.311911
-0.256132 297.311911
0.259026 297.409020
-0.259026 297.409020
0.261920 297.497327
-0.261920 297.497327
0.264814 297.576701
-0.264814 297.576701
0.267708 297.647024
-0.267708 297.647024
0.270602 297.708189
-0.270602 297.708189
0.273497 297.760103
-0.273497 297.760103
0.276391 297.802688
-0.276391 297.802688
0.279285 297.835877
-0.279285 297.835877
0.282179 297.859620
-0.282179 297.859620
0.285073 297.873881
-0.285073 297.873881
0.287967 297.878637
-0.287967 350.015038
-0.287967 350.018138
0.287967 350.018138
-0.285073 350.027429
0.285073 350.027429
-0.282179 350.042895
0.282179 350.042895
-0.279285 350.064504
0.279285 350.064504
-0.276391 350.092215
0.276391 350.092215
-0.273497 350.125973
0.273497 350.125973
-0.270602 350.165714
0.270602 350.165714
-0.267708 350.211360
0.267708 350.211360
-0.264814 350.262824
0.264814 350.262824
-0.261920 350.320009
0.261920 350.320009
-0.259026 350.382807
0.259026 350.382807
-0.256132 350.451102
0.256132 350.451102
-0.253238 350.524767
0.253238 350.524767
-0.250343 350.603670
0.250343 350.603670
-0.247449 350.687668
0.247449 350.687668
-0.244555 350.776612
0.244555 350.776612
-0.241661 350.870348
0.241661 350.870348
-0.238767 350.968714
0.238767 350.968714
-0.235873 351.071543
0.235873 351.071543
-0.232979 351.178665
0.232979 351.178665
-0.230084 351.289904
0.230084 351.289904
-0.227190 351.405080
0.227190 351.405080
-0.224296 351.524013
0.224296 351.524013
-0.221402 351.646517
0.221402 351.646517
-0.218508 351.772406
0.218508 351.772406
-0.215614 351.901493
0.215614 351.901493
-0.212720 352.033588
0.212720 352.033588
-0.209825 352.168503
0.209825 352.168503
-0.206931 352.306047
0.206931 352.306047
-0.204037 352.446033
0.204037 352.446033
-0.201143 352.588271
0.201143 352.588271
-0.198249 352.732574
0.198249 352.732574
-0.195355 352.878757
0.195355 352.878757
-0.192461 353.026634
0.192461 353.026634
-0.189566 353.176024
0.189566 353.176024
-0.186672 353.326745
0.186672 353.326745
-0.183778 353.478620
0.183778 353.478620
-0.180884 353.631474
0.180884 353.631474
-0.177990 353.785133
0.177990 353.785133
-0.175096 353.939428
0.175096 353.939428
-0.172202 354.094191
0.172202 354.094191
-0.169307 354.249260
0.169307 354.249260
-0.166413 354.404472
0.166413 354.404472
-0.163519 354.559672
0.163519 354.559672
-0.160625 354.714704
0.160625 354.714704
-0.157731 354.869419
0.157731 354.869419
-0.154837 355.023669
0.154837 355.023669
-0.151943 355.177311
0.151943 355.177311
-0.149048 355.330204
0.149048 355.330204
-0.146154 355.482212
0.146154 355.482212
-0.143260 355.633200
0.143260 355.633200
-0.140366 355.783041
0.140366 355.783041
-0.137472 355.931607
0.137472 355.931607
-0.134578 356.078776
0.134578 356.078776
-0.131684 356.224428
0.131684 356.224428
-0.128789 356.368448
0.128789 356.368448
-0.125895 356.510723
0.125895 356.510723
-0.123001 356.651144
0.123001 356.651144
-0.120107 356.789604
0.120107 356.789604
-0.117213 356.926002
0.117213 356.926002
-0.114319 357.060237
0.114319 357.060237
-0.111425 357.192215
0.111425 357.192215
-0.108530 357.321841
0.108530 357.321841
-0.105636 357.449025
0.105636 357.449025
-0.102742 357.573681
0.102742 357.573681
-0.099848 357.695725
0.099848 357.695725
-0.096954 357.815076
0.096954 357.815076
-0.094060 357.931655
0.094060 357.931655
-0.091166 358.045388
0.091166 358.045388
-0.088271 358.156202
0.088271 358.156202
-0.085377 358.264027
0.085377 358.264027
-0.082483 358.368796
0.082483 358.368796
-0.079589 358.470446
0.079589 358.470446
-0.076695 358.568914
0.076695 358.568914
-0.073801 358.664142
0.073801 358.664142
-0.070907 358.756073
0.070907 358.756073
-0.068012 358.844654
0.068012 358.844654
-0.065118 358.929832
0.065118 358.929832
-0.062224 359.011559
0.062224 359.011559
-0.059330 359.089788
0.059330 359.089788
-0.056436 359.164475
0.056436 359.164475
-0.053542 359.235579
0.053542 359.235579
-0.050648 359.303059
0.050648 359.303059
-0.047753 359.366879
0.047753 359.366879
-0.044859 359.427004
0.044859 359.427004
-0.041965 359.483401
0.041965 359.483401
-0.039071 359.536039
0.039071 359.536039
-0.036177 359.584890
0.036177 359.584890
-0.033283 359.629929
0.033283 359.629929
-0.030389 359.671130
0.030389 359.671130
-0.027494 359.708473
0.027494 359.708473
-0.024600 359.741938
0.024600 359.741938
-0.021706 359.771507
0.021706 359.771507
-0.018812 359.797164
0.018812 359.797164
-0.015918 359.818897
0.015918 359.818897
-0.013024 359.836694
0.013024 359.836694
-0.010130 359.850545
0.010130 359.850545
-0.007235 359.860445
0.007235 359.860445
-0.004341 359.866386
0.004341 359.866386
-0.001447 359.868367
