###############################################################
#Number of atoms in chain 800
#Number of cells 200
#Short Pt-X force constant 185.600000 N/M
#Long Pt-X force constant 19.000000 N/M
#Short X-X force constant 0.000000 N/M
#Long X-X force constant 0.000000 N/M
#Pt-Pt force constant 23.000000 N/M
#Distance between atom pair 3.100190 x10^-10 M
#Temperature 298.000000 K
#Acoustic MSRD 0.00427964 x10^-20 M^2
#Nu3 Optical MSRD 0.00457019 x10^-20 M^2
#Nu1 Optical MSRD 0.00122984 x10^-20 M^2
#Nu2 Optical MSRD 0.00072052 x10^-20 M^2
#Total MSRD 0.0108002 x10^-20 M^2
###############################################################
0.000000 0.000001
0.001447 0.854898
-0.001447 0.854898
0.004341 1.709747
-0.004341 1.709747
0.007235 2.564495
-0.007235 2.564495
0.010130 3.419094
-0.010130 3.419094
0.013024 4.273492
-0.013024 4.273492
0.015918 5.127641
-0.015918 5.127641
0.018812 5.981490
-0.018812 5.981490
0.021706 6.834988
-0.021706 6.834988
0.024600 7.688087
-0.024600 7.688087
0.027494 8.540736
-0.027494 8.540736
0.030389 9.392884
-0.030389 9.392884
0.033283 10.244481
-0.033283 10.244481
0.036177 11.095478
-0.036177 11.095478
0.039071 11.945823
-0.039071 11.945823
0.041965 12.795467
-0.041965 12.795467
0.044859 13.644359
-0.044859 13.644359
0.047753 14.492449
-0.047753 14.492449
0.050648 15.339685
-0.050648 15.339685
0.053542 16.186017
-0.053542 16.186017
0.056436 17.031394
-0.056436 17.031394
0.059330 17.875765
-0.059330 17.875765
0.062224 18.719080
-0.062224 18.719080
0.065118 19.561286
-0.065118 19.561286
0.068012 20.402334
-0.068012 20.402334
0.070907 21.242170
-0.070907 21.242170
0.073801 22.080744
-0.073801 22.080744
0.076695 22.918003
-0.076695 22.918003
0.079589 23.753896
-0.079589 23.753896
0.082483 24.588371
-0.082483 24.588371
0.085377 25.421374
-0.085377 25.421374
0.088271 26.252853
-0.088271 26.252853
0.091166 27.082756
-0.091166 27.082756
0.094060 27.911028
-0.094060 27.911028
0.096954 28.737617
-0.096954 28.737617
0.099848 29.562468
-0.099848 29.562468
0.102742 30.385527
-0.102742 30.385527
0.105636 31.206739
-0.105636 31.206739
0.108530 32.026050
-0.108530 32.026050
0.111425 32.843403
-0.111425 32.843403
0.114319 33.658743
-0.114319 33.658743
0.117213 34.472012
-0.117213 34.472012
0.120107 35.283154
-0.120107 35.283154
0.123001 36.092111
-0.123001 36.092111
0.125895 36.898824
-0.125895 36.898824
0.128789 37.703234
-0.128789 37.703234
0.131684 38.505280
-0.131684 38.505280
0.134578 39.304901
-0.134578 39.304901
0.137472 40.102035
-0.137472 40.102035
0.140366 40.896619
-0.140366 40.896619
0.143260 41.688587
-0.143260 41.688587
0.146154 42.477875
-0.146154 42.477875
0.149048 43.264414
-0.149048 43.264414
0.151943 44.048135
-0.151943 44.048135
0.154837 44.828968
-0.154837 44.828968
0.157731 45.606839
-0.157731 45.606839
0.160625 46.381674
-0.160625 46.381674
0.163519 47.153394
-0.163519 47.153394
0.166413 47.921918
-0.166413 47.921918
0.169307 48.687163
-0.169307 48.687163
0.172202 49.449043
-0.172202 49.449043
0.175096 50.207465
-0.175096 50.207465
0.177990 50.962334
-0.177990 50.962334
0.180884 51.713550
-0.180884 51.713550
0.183778 52.461006
-0.183778 52.461006
0.186672 53.204590
-0.186672 53.204590
0.189566 53.944182
-0.189566 53.944182
0.192461 54.679654
-0.192461 54.679654
0.195355 55.410869
-0.195355 55.410869
0.198249 56.137678
-0.198249 56.137678
0.201143 56.859921
-0.201143 56.859921
0.204037 57.577423
-0.204037 57.577423
0.206931 58.289992
-0.206931 58.289992
0.209825 58.997417
-0.209825 58.997417
0.212720 59.699464
-0.212720 59.699464
0.215614 60.395875
-0.215614 60.395875
0.218508 61.086357
-0.218508 61.086357
0.221402 61.770584
-0.221402 61.770584
0.224296 62.448183
-0.224296 62.448183
0.227190 63.118731
-0.227190 63.118731
0.230084 63.781742
-0.230084 63.781742
0.232979 64.436656
-0.232979 64.436656
0.235873 65.082821
-0.235873 65.082821
0.238767 65.719474
-0.238767 65.719474
0.241661 66.345720
-0.241661 66.345720
0.244555 66.960496
-0.244555 66.960496
0.247449 67.562537
-0.247449 67.562537
0.250343 68.150331
-0.250343 68.150331
0.253238 68.722056
-0.253238 68.722056
0.256132 69.275511
-0.256132 69.275511
0.259026 69.808036
-0.259026 69.808036
0.261920 70.316406
-0.261920 70.316406
0.264814 70.796735
-0.264814 70.796735
0.267708 71.244367
-0.267708 71.244367
0.270602 71.653808
-0.270602 71.653808
0.273497 72.018718
-0.273497 72.018718
0.276391 72.332046
-0.276391 72.332046
0.279285 72.586360
-0.279285 72.586360
0.282179 72.774442
-0.282179 72.774442
0.285073 72.890116
-0.285073 72.890116
0.287967 72.929173
-0.287967 83.529848
-0.287967 83.564326
0.287967 83.564326
-0.285073 83.666261
0.285073 83.666261
-0.282179 83.831445
0.282179 83.831445
-0.279285 84.053704
0.279285 84.053704
-0.276391 84.325819
0.276391 84.325819
-0.273497 84.640361
0.273497 84.640361
-0.270602 84.990279
0.270602 84.990279
-0.267708 85.369236
0.267708 85.369236
-0.264814 85.771741
0.264814 85.771741
-0.261920 86.193139
0.261920 86.193139
-0.259026 86.629546
0.259026 86.629546
-0.256132 87.077743
0.256132 87.077743
-0.253238 87.535071
0.253238 87.535071
-0.250343 87.999334
0.250343 87.999334
-0.247449 88.468713
0.247449 88.468713
-0.244555 88.941701
0.244555 88.941701
-0.241661 89.417036
0.241661 89.417036
-0.238767 89.893663
0.238767 89.893663
-0.235873 90.370690
0.235873 90.370690
-0.232979 90.847359
0.232979 90.847359
-0.230084 91.323026
0.230084 91.323026
-0.227190 91.797136
0.227190 91.797136
-0.224296 92.269210
0.224296 92.269210
-0.221402 92.738830
0.221402 92.738830
-0.218508 93.205633
0.218508 93.205633
-0.215614 93.669298
0.215614 93.669298
-0.212720 94.129543
0.212720 94.129543
-0.209825 94.586115
0.209825 94.586115
-0.206931 95.038790
0.206931 95.038790
-0.204037 95.487366
0.204037 95.487366
-0.201143 95.931660
0.201143 95.931660
-0.198249 96.371507
0.198249 96.371507
-0.195355 96.806756
0.195355 96.806756
-0.192461 97.237271
0.192461 97.237271
-0.189566 97.662923
0.189566 97.662923
-0.186672 98.083596
0.186672 98.083596
-0.183778 98.499182
0.183778 98.499182
-0.180884 98.909581
0.180884 98.909581
-0.177990 99.314698
0.177990 99.314698
-0.175096 99.714446
0.175096 99.714446
-0.172202 100.108742
0.172202 100.108742
-0.169307 100.497510
0.169307 100.497510
-0.166413 100.880675
0.166413 100.880675
-0.163519 101.258168
0.163519 101.258168
-0.160625 101.629925
0.160625 101.629925
-0.157731 101.995882
0.157731 101.995882
-0.154837 102.355980
0.154837 102.355980
-0.151943 102.710162
0.151943 102.710162
-0.149048 103.058374
0.149048 103.058374
-0.146154 103.400564
0.146154 103.400564
-0.143260 103.736682
0.143260 103.736682
-0.140366 104.066681
0.140366 104.066681
-0.137472 104.390515
0.137472 104.390515
-0.134578 104.708138
0.134578 104.708138
-0.131684 105.019510
0.131684 105.019510
-0.128789 105.324588
0.128789 105.324588
-0.125895 105.623333
0.125895 105.623333
-0.123001 105.915707
0.123001 105.915707
-0.120107 106.201674
0.120107 106.201674
-0.117213 106.481196
0.117213 106.481196
-0.114319 106.754241
0.114319 106.754241
-0.111425 107.020774
0.111425 107.020774
-0.108530 107.280764
0.108530 107.280764
-0.105636 107.534179
0.105636 107.534179
-0.102742 107.780989
0.102742 107.780989
-0.099848 108.021166
0.099848 108.021166
-0.096954 108.254681
0.096954 108.254681
-0.094060 108.481507
0.094060 108.481507
-0.091166 108.701619
0.091166 108.701619
-0.088271 108.914990
0.088271 108.914990
-0.085377 109.121596
0.085377 109.121596
-0.082483 109.321415
0.082483 109.321415
-0.079589 109.514423
0.079589 109.514423
-0.076695 109.700598
0.076695 109.700598
-0.073801 109.879920
0.073801 109.879920
-0.070907 110.052369
0.070907 110.052369
-0.068012 110.217926
0.068012 110.217926
-0.065118 110.376571
0.065118 110.376571
-0.062224 110.528288
0.062224 110.528288
-0.059330 110.673060
0.059330 110.673060
-0.056436 110.810870
0.056436 110.810870
-0.053542 110.941704
0.053542 110.941704
-0.050648 111.065547
0.050648 111.065547
-0.047753 111.182386
0.047753 111.182386
-0.044859 111.292208
0.044859 111.292208
-0.041965 111.395000
0.041965 111.395000
-0.039071 111.490752
0.039071 111.490752
-0.036177 111.579454
0.036177 111.579454
-0.033283 111.661094
0.033283 111.661094
-0.030389 111.735665
0.030389 111.735665
-0.027494 111.803159
0.027494 111.803159
-0.024600 111.863568
0.024600 111.863568
-0.021706 111.916885
0.021706 111.916885
-0.018812 111.963105
0.018812 111.963105
-0.015918 112.002222
0.015918 112.002222
-0.013024 112.034234
0.013024 112.034234
-0.010130 112.059135
0.010130 112.059135
-0.007235 112.076923
0.007235 112.076923
-0.004341 112.087597
0.004341 112.087597
-0.001447 112.091155
0.001447 312.961053
0.001447 312.961184
-0.001447 312.961184
0.004341 312.961577
-0.004341 312.961577
0.007235 312.962232
-0.007235 312.962232
0.010130 312.963147
-0.010130 312.963147
0.013024 312.964322
-0.013024 312.964322
0.015918 312.965756
-0.015918 312.965756
0.018812 312.967447
-0.018812 312.967447
0.021706 312.969394
-0.021706 312.969394
0.024600 312.971595
-0.024600 312.971595
0.027494 312.974047
-0.027494 312.974047
0.030389 312.976747
-0.030389 312.976747
0.033283 312.979695
-0.033283 312.979695
0.036177 312.982885
-0.036177 312.982885
0.039071 312.986316
-0.039071 312.986316
0.041965 312.989983
-0.041965 312.989983
0.044859 312.993883
-0.044859 312.993883
0.047753 312.998012
-0.047753 312.998012
0.050648 313.002366
-0.050648 313.002366
0.053542 313.006941
-0.053542 313.006941
0.056436 313.011731
-0.056436 313.011731
0.059330 313.016733
-0.059330 313.016733
0.062224 313.021941
-0.062224 313.021941
0.065118 313.027350
-0.065118 313.027350
0.068012 313.032954
-0.068012 313.032954
0.070907 313.038748
-0.070907 313.038748
0.073801 313.044726
-0.073801 313.044726
0.076695 313.050883
-0.076695 313.050883
0.079589 313.057211
-0.079589 313.057211
0.082483 313.063705
-0.082483 313.063705
0.085377 313.070358
-0.085377 313.070358
0.088271 313.077164
-0.088271 313.077164
0.091166 313.084115
-0.091166 313.084115
0.094060 313.091205
-0.094060 313.091205
0.096954 313.098427
-0.096954 313.098427
0.099848 313.105773
-0.099848 313.105773
0.102742 313.113237
-0.102742 313.113237
0.105636 313.120810
-0.105636 313.120810
0.108530 313.128486
-0.108530 313.128486
0.111425 313.136256
-0.111425 313.136256
0.114319 313.144113
-0.114319 313.144113
0.117213 313.152050
-0.117213 313.152050
0.120107 313.160057
-0.120107 313.160057
0.123001 313.168128
-0.123001 313.168128
0.125895 313.176254
-0.125895 313.176254
0.128789 313.184427
-0.128789 313.184427
0.131684 313.192640
-0.131684 313.192640
0.134578 313.200883
-0.134578 313.200883
0.137472 313.209149
-0.137472 313.209149
0.140366 313.217430
-0.140366 313.217430
0.143260 313.225718
-0.143260 313.225718
0.146154 313.234004
-0.146154 313.234004
0.149048 313.242280
-0.149048 313.242280
0.151943 313.250538
-0.151943 313.250538
0.154837 313.258770
-0.154837 313.258770
0.157731 313.266968
-0.157731 313.266968
0.160625 313.275123
-0.160625 313.275123
0.163519 313.283228
-0.163519 313.283228
0.166413 313.291275
-0.166413 313.291275
0.169307 313.299256
-0.169307 313.299256
0.172202 313.307162
-0.172202 313.307162
0.175096 313.314987
-0.175096 313.314987
0.177990 313.322723
-0.177990 313.322723
0.180884 313.330361
-0.180884 313.330361
0.183778 313.337895
-0.183778 313.337895
0.186672 313.345317
-0.186672 313.345317
0.189566 313.352619
-0.189566 313.352619
0.192461 313.359796
-0.192461 313.359796
0.195355 313.366839
-0.195355 313.366839
0.198249 313.373742
-0.198249 313.373742
0.201143 313.380498
-0.201143 313.380498
0.204037 313.387100
-0.204037 313.387100
0.206931 313.393543
-0.206931 313.393543
0.209825 313.399819
-0.209825 313.399819
0.212720 313.405923
-0.212720 313.405923
0.215614 313.411848
-0.215614 313.411848
0.218508 313.417590
-0.218508 313.417590
0.221402 313.423142
-0.221402 313.423142
0.224296 313.428498
-0.224296 313.428498
0.227190 313.433655
-0.227190 313.433655
0.230084 313.438606
-0.230084 313.438606
0.232979 313.443347
-0.232979 313.443347
0.235873 313.447873
-0.235873 313.447873
0.238767 313.452180
-0.238767 313.452180
0.241661 313.456264
-0.241661 313.456264
0.244555 313.460120
-0.244555 313.460120
0.247449 313.463746
-0.247449 313.463746
0.250343 313.467137
-0.250343 313.467137
0.253238 313.470290
-0.253238 313.470290
0.256132 313.473202
-0.256132 313.473202
0.259026 313.475871
-0.259026 313.475871
0.261920 313.478293
-0.261920 313.478293
0.264814 313.480467
-0.264814 313.480467
0.267708 313.482390
-0.267708 313.482390
0.270602 313.484060
-0.270602 313.484060
0.273497 313.485476
-0.273497 313.485476
0.276391 313.486637
-0.276391 313.486637
0.279285 313.487540
-0.279285 313.487540
0.282179 313.488187
-0.282179 313.488187
0.285073 313.488575
-0.285073 313.488575
0.287967 313.488704
-0.287967 359.056088
-0.287967 359.056109
0.287967 359.056109
-0.285073 359.056174
0.285073 359.056174
-0.282179 359.056281
0.282179 359.056281
-0.279285 359.056430
0.279285 359.056430
-0.276391 359.056623
0.276391 359.056623
-0.273497 359.056857
0.273497 359.056857
-0.270602 359.057134
0.270602 359.057134
-0.267708 359.057452
0.267708 359.057452
-0.264814 359.057812
0.264814 359.057812
-0.261920 359.058214
0.261920 359.058214
-0.259026 359.058656
0.259026 359.058656
-0.256132 359.059138
0.256132 359.059138
-0.253238 359.059660
0.253238 359.059660
-0.250343 359.060221
0.250343 359.060221
-0.247449 359.060821
0.247449 359.060821
-0.244555 359.061459
0.244555 359.061459
-0.241661 359.062135
0.241661 359.062135
-0.238767 359.062847
0.238767 359.062847
-0.235873 359.063596
0.235873 359.063596
-0.232979 359.064379
0.232979 359.064379
-0.230084 359.065198
0.230084 359.065198
-0.227190 359.066050
0.227190 359.066050
-0.224296 359.066935
0.224296 359.066935
-0.221402 359.067852
0.221402 359.067852
-0.218508 359.068800
0.218508 359.068800
-0.215614 359.069778
0.215614 359.069778
-0.212720 359.070785
0.212720 359.070785
-0.209825 359.071821
0.209825 359.071821
-0.206931 359.072883
0.206931 359.072883
-0.204037 359.073972
0.204037 359.073972
-0.201143 359.075086
0.201143 359.075086
-0.198249 359.076223
0.198249 359.076223
-0.195355 359.077383
0.195355 359.077383
-0.192461 359.078565
0.192461 359.078565
-0.189566 359.079767
0.189566 359.079767
-0.186672 359.080988
0.186672 359.080988
-0.183778 359.082228
0.183778 359.082228
-0.180884 359.083484
0.180884 359.083484
-0.177990 359.084755
0.177990 359.084755
-0.175096 359.086041
0.175096 359.086041
-0.172202 359.087340
0.172202 359.087340
-0.169307 359.088650
0.169307 359.088650
-0.166413 359.089971
0.166413 359.089971
-0.163519 359.091301
0.163519 359.091301
-0.160625 359.092638
0.160625 359.092638
-0.157731 359.093982
0.157731 359.093982
-0.154837 359.095331
0.154837 359.095331
-0.151943 359.096684
0.151943 359.096684
-0.149048 359.098040
0.149048 359.098040
-0.146154 359.099396
0.146154 359.099396
-0.143260 359.100752
0.143260 359.100752
-0.140366 359.102106
0.140366 359.102106
-0.137472 359.103458
0.137472 359.103458
-0.134578 359.104805
0.134578 359.104805
-0.131684 359.106147
0.131684 359.106147
-0.128789 359.107482
0.128789 359.107482
-0.125895 359.108808
0.125895 359.108808
-0.123001 359.110125
0.123001 359.110125
-0.120107 359.111432
0.120107 359.111432
-0.117213 359.112726
0.117213 359.112726
-0.114319 359.114006
0.114319 359.114006
-0.111425 359.115272
0.111425 359.115272
-0.108530 359.116523
0.108530 359.116523
-0.105636 359.117756
0.105636 359.117756
-0.102742 359.118971
0.102742 359.118971
-0.099848 359.120166
0.099848 359.120166
-0.096954 359.121341
0.096954 359.121341
-0.094060 359.122493
0.094060 359.122493
-0.091166 359.123623
0.091166 359.123623
-0.088271 359.124729
0.088271 359.124729
-0.085377 359.125810
0.085377 359.125810
-0.082483 359.126864
0.082483 359.126864
-0.079589 359.127892
0.079589 359.127892
-0.076695 359.128891
0.076695 359.128891
-0.073801 359.129861
0.073801 359.129861
-0.070907 359.130801
0.070907 359.130801
-0.068012 359.131709
0.068012 359.131709
-0.065118 359.132586
0.065118 359.132586
-0.062224 359.133430
0.062224 359.133430
-0.059330 359.134241
0.059330 359.134241
-0.056436 359.135017
0.056436 359.135017
-0.053542 359.135758
0.053542 359.135758
-0.050648 359.136463
0.050648 359.136463
-0.047753 359.137131
0.047753 359.137131
-0.044859 359.137763
0.044859 359.137763
-0.041965 359.138356
0.041965 359.138356
-0.039071 359.138911
0.039071 359.138911
-0.036177 359.139427
0.036177 359.139427
-0.033283 359.139904
0.033283 359.139904
-0.030389 359.140341
0.030389 359.140341
-0.027494 359.140738
0.027494 359.140738
-0.024600 359.141093
0.024600 359.141093
-0.021706 359.141408
0.021706 359.141408
-0.018812 359.141682
0.018812 359.141682
-0.015918 359.141913
0.015918 359.141913
-0.013024 359.142103
0.013024 359.142103
-0.010130 359.142251
0.010130 359.142251
-0.007235 359.142357
0.007235 359.142357
-0.004341 359.142421
0.004341 359.142421
-0.001447 359.142442
