###############################################################
#Number of atoms in chain 800
#Number of cells 200
#Short Pt-X force constant 186.000000 N/M
#Long Pt-X force constant 18.600000 N/M
#Short X-X force constant 0.000000 N/M
#Long X-X force constant 0.000000 N/M
#Pt-Pt force constant -5.000000 N/M
#Distance between atom pair 2.327310 x10^-10 M
#Temperature 298.000000 K
#Acoustic MSRD 0.000127517 x10^-20 M^2
#Nu3 Optical MSRD 0.000116557 x10^-20 M^2
#Nu1 Optical MSRD 0.00118647 x10^-20 M^2
#Nu2 Optical MSRD 0.00129549 x10^-20 M^2
#Total MSRD 0.00272603 x10^-20 M^2
###############################################################
0.000000 0.000002
0.001447 0.465103
-0.001447 0.465103
0.004341 0.930179
-0.004341 0.930179
0.007235 1.395203
-0.007235 1.395203
0.010130 1.860149
-0.010130 1.860149
0.013024 2.324990
-0.013024 2.324990
0.015918 2.789700
-0.015918 2.789700
0.018812 3.254253
-0.018812 3.254253
0.021706 3.718623
-0.021706 3.718623
0.024600 4.182784
-0.024600 4.182784
0.027494 4.646709
-0.027494 4.646709
0.030389 5.110371
-0.030389 5.110371
0.033283 5.573746
-0.033283 5.573746
0.036177 6.036805
-0.036177 6.036805
0.039071 6.499524
-0.039071 6.499524
0.041965 6.961875
-0.041965 6.961875
0.044859 7.423832
-0.044859 7.423832
0.047753 7.885368
-0.047753 7.885368
0.050648 8.346458
-0.050648 8.346458
0.053542 8.807073
-0.053542 8.807073
0.056436 9.267188
-0.056436 9.267188
0.059330 9.726775
-0.059330 9.726775
0.062224 10.185809
-0.062224 10.185809
0.065118 10.644261
-0.065118 10.644261
0.068012 11.102105
-0.068012 11.102105
0.070907 11.559313
-0.070907 11.559313
0.073801 12.015859
-0.073801 12.015859
0.076695 12.471715
-0.076695 12.471715
0.079589 12.926854
-0.079589 12.926854
0.082483 13.381248
-0.082483 13.381248
0.085377 13.834869
-0.085377 13.834869
0.088271 14.287689
-0.088271 14.287689
0.091166 14.739681
-0.091166 14.739681
0.094060 15.190816
-0.094060 15.190816
0.096954 15.641066
-0.096954 15.641066
0.099848 16.090402
-0.099848 16.090402
0.102742 16.538795
-0.102742 16.538795
0.105636 16.986217
-0.105636 16.986217
0.108530 17.432639
-0.108530 17.432639
0.111425 17.878029
-0.111425 17.878029
0.114319 18.322360
-0.114319 18.322360
0.117213 18.765601
-0.117213 18.765601
0.120107 19.207721
-0.120107 19.207721
0.123001 19.648689
-0.123001 19.648689
0.125895 20.088475
-0.125895 20.088475
0.128789 20.527046
-0.128789 20.527046
0.131684 20.964371
-0.131684 20.964371
0.134578 21.400418
-0.134578 21.400418
0.137472 21.835152
-0.137472 21.835152
0.140366 22.268540
-0.140366 22.268540
0.143260 22.700548
-0.143260 22.700548
0.146154 23.131141
-0.146154 23.131141
0.149048 23.560282
-0.149048 23.560282
0.151943 23.987935
-0.151943 23.987935
0.154837 24.414062
-0.154837 24.414062
0.157731 24.838625
-0.157731 24.838625
0.160625 25.261582
-0.160625 25.261582
0.163519 25.682894
-0.163519 25.682894
0.166413 26.102516
-0.166413 26.102516
0.169307 26.520404
-0.169307 26.520404
0.172202 26.936513
-0.172202 26.936513
0.175096 27.350793
-0.175096 27.350793
0.177990 27.763194
-0.177990 27.763194
0.180884 28.173663
-0.180884 28.173663
0.183778 28.582143
-0.183778 28.582143
0.186672 28.988575
-0.186672 28.988575
0.189566 29.392896
-0.189566 29.392896
0.192461 29.795038
-0.192461 29.795038
0.195355 30.194928
-0.195355 30.194928
0.198249 30.592488
-0.198249 30.592488
0.201143 30.987635
-0.201143 30.987635
0.204037 31.380274
-0.204037 31.380274
0.206931 31.770307
-0.206931 31.770307
0.209825 32.157621
-0.209825 32.157621
0.212720 32.542094
-0.212720 32.542094
0.215614 32.923590
-0.215614 32.923590
0.218508 33.301956
-0.218508 33.301956
0.221402 33.677019
-0.221402 33.677019
0.224296 34.048584
-0.224296 34.048584
0.227190 34.416430
-0.227190 34.416430
0.230084 34.780300
-0.230084 34.780300
0.232979 35.139899
-0.232979 35.139899
0.235873 35.494883
-0.235873 35.494883
0.238767 35.844850
-0.238767 35.844850
0.241661 36.189326
-0.241661 36.189326
0.244555 36.527746
-0.244555 36.527746
0.247449 36.859439
-0.247449 36.859439
0.250343 37.183594
-0.250343 37.183594
0.253238 37.499235
-0.253238 37.499235
0.256132 37.805174
-0.256132 37.805174
0.259026 38.099967
-0.259026 38.099967
0.261920 38.381852
-0.261920 38.381852
0.264814 38.648685
-0.264814 38.648685
0.267708 38.897878
-0.267708 38.897878
0.270602 39.126340
-0.270602 39.126340
0.273497 39.330466
-0.273497 39.330466
0.276391 39.506193
-0.276391 39.506193
0.279285 39.649183
-0.279285 39.649183
0.282179 39.755171
-0.282179 39.755171
0.285073 39.820466
-0.285073 39.820466
0.287967 39.842534
-0.287967 45.450864
-0.287967 45.470450
0.287967 45.470450
-0.285073 45.528299
0.285073 45.528299
-0.282179 45.621878
0.282179 45.621878
-0.279285 45.747495
0.279285 45.747495
-0.276391 45.900886
0.276391 45.900886
-0.273497 46.077714
0.273497 46.077714
-0.270602 46.273917
0.270602 46.273917
-0.267708 46.485890
0.267708 46.485890
-0.264814 46.710545
0.264814 46.710545
-0.261920 46.945293
0.261920 46.945293
-0.259026 47.187992
0.259026 47.187992
-0.256132 47.436882
0.256132 47.436882
-0.253238 47.690521
0.253238 47.690521
-0.250343 47.947722
0.250343 47.947722
-0.247449 48.207511
0.247449 48.207511
-0.244555 48.469081
0.244555 48.469081
-0.241661 48.731761
0.241661 48.731761
-0.238767 48.994990
0.238767 48.994990
-0.235873 49.258296
0.235873 49.258296
-0.232979 49.521279
0.232979 49.521279
-0.230084 49.783600
0.230084 49.783600
-0.227190 50.044964
0.227190 50.044964
-0.224296 50.305121
0.224296 50.305121
-0.221402 50.563852
0.221402 50.563852
-0.218508 50.820964
0.218508 50.820964
-0.215614 51.076289
0.215614 51.076289
-0.212720 51.329679
0.212720 51.329679
-0.209825 51.581001
0.209825 51.581001
-0.206931 51.830137
0.206931 51.830137
-0.204037 52.076980
0.204037 52.076980
-0.201143 52.321435
0.201143 52.321435
-0.198249 52.563413
0.198249 52.563413
-0.195355 52.802837
0.195355 52.802837
-0.192461 53.039631
0.192461 53.039631
-0.189566 53.273731
0.189566 53.273731
-0.186672 53.505073
0.186672 53.505073
-0.183778 53.733601
0.183778 53.733601
-0.180884 53.959260
0.180884 53.959260
-0.177990 54.182001
0.177990 54.182001
-0.175096 54.401777
0.175096 54.401777
-0.172202 54.618545
0.172202 54.618545
-0.169307 54.832262
0.169307 54.832262
-0.166413 55.042889
0.166413 55.042889
-0.163519 55.250390
0.163519 55.250390
-0.160625 55.454729
0.160625 55.454729
-0.157731 55.655873
0.157731 55.655873
-0.154837 55.853789
0.154837 55.853789
-0.151943 56.048448
0.151943 56.048448
-0.149048 56.239819
0.149048 56.239819
-0.146154 56.427875
0.146154 56.427875
-0.143260 56.612590
0.143260 56.612590
-0.140366 56.793936
0.140366 56.793936
-0.137472 56.971890
0.137472 56.971890
-0.134578 57.146427
0.134578 57.146427
-0.131684 57.317525
0.131684 57.317525
-0.128789 57.485160
0.128789 57.485160
-0.125895 57.649312
0.125895 57.649312
-0.123001 57.809961
0.123001 57.809961
-0.120107 57.967085
0.120107 57.967085
-0.117213 58.120666
0.117213 58.120666
-0.114319 58.270684
0.114319 58.270684
-0.111425 58.417123
0.111425 58.417123
-0.108530 58.559964
0.108530 58.559964
-0.105636 58.699190
0.105636 58.699190
-0.102742 58.834786
0.102742 58.834786
-0.099848 58.966735
0.099848 58.966735
-0.096954 59.095022
0.096954 59.095022
-0.094060 59.219633
0.094060 59.219633
-0.091166 59.340553
0.091166 59.340553
-0.088271 59.457768
0.088271 59.457768
-0.085377 59.571266
0.085377 59.571266
-0.082483 59.681033
0.082483 59.681033
-0.079589 59.787058
0.079589 59.787058
-0.076695 59.889328
0.076695 59.889328
-0.073801 59.987832
0.073801 59.987832
-0.070907 60.082560
0.070907 60.082560
-0.068012 60.173500
0.068012 60.173500
-0.065118 60.260643
0.065118 60.260643
-0.062224 60.343980
0.062224 60.343980
-0.059330 60.423500
0.059330 60.423500
-0.056436 60.499197
0.056436 60.499197
-0.053542 60.571060
0.053542 60.571060
-0.050648 60.639083
0.050648 60.639083
-0.047753 60.703259
0.047753 60.703259
-0.044859 60.763579
0.044859 60.763579
-0.041965 60.820039
0.041965 60.820039
-0.039071 60.872630
0.039071 60.872630
-0.036177 60.921349
0.036177 60.921349
-0.033283 60.966190
0.033283 60.966190
-0.030389 61.007148
0.030389 61.007148
-0.027494 61.044218
0.027494 61.044218
-0.024600 61.077396
0.024600 61.077396
-0.021706 61.106680
0.021706 61.106680
-0.018812 61.132065
0.018812 61.132065
-0.015918 61.153550
0.015918 61.153550
-0.013024 61.171131
0.013024 61.171131
-0.010130 61.184808
0.010130 61.184808
-0.007235 61.194578
0.007235 61.194578
-0.004341 61.200440
0.004341 61.200440
-0.001447 61.202394
0.001447 312.961053
0.001447 312.961171
-0.001447 312.961171
0.004341 312.961524
-0.004341 312.961524
0.007235 312.962113
-0.007235 312.962113
0.010130 312.962936
-0.010130 312.962936
0.013024 312.963993
-0.013024 312.963993
0.015918 312.965282
-0.015918 312.965282
0.018812 312.966803
-0.018812 312.966803
0.021706 312.968554
-0.021706 312.968554
0.024600 312.970534
-0.024600 312.970534
0.027494 312.972740
-0.027494 312.972740
0.030389 312.975170
-0.030389 312.975170
0.033283 312.977822
-0.033283 312.977822
0.036177 312.980693
-0.036177 312.980693
0.039071 312.983780
-0.039071 312.983780
0.041965 312.987082
-0.041965 312.987082
0.044859 312.990593
-0.044859 312.990593
0.047753 312.994311
-0.047753 312.994311
0.050648 312.998233
-0.050648 312.998233
0.053542 313.002354
-0.053542 313.002354
0.056436 313.006670
-0.056436 313.006670
0.059330 313.011178
-0.059330 313.011178
0.062224 313.015872
-0.062224 313.015872
0.065118 313.020748
-0.065118 313.020748
0.068012 313.025802
-0.068012 313.025802
0.070907 313.031029
-0.070907 313.031029
0.073801 313.036422
-0.073801 313.036422
0.076695 313.041978
-0.076695 313.041978
0.079589 313.047691
-0.079589 313.047691
0.082483 313.053555
-0.082483 313.053555
0.085377 313.059564
-0.085377 313.059564
0.088271 313.065713
-0.088271 313.065713
0.091166 313.071995
-0.091166 313.071995
0.094060 313.078404
-0.094060 313.078404
0.096954 313.084935
-0.096954 313.084935
0.099848 313.091580
-0.099848 313.091580
0.102742 313.098333
-0.102742 313.098333
0.105636 313.105188
-0.105636 313.105188
0.108530 313.112138
-0.108530 313.112138
0.111425 313.119175
-0.111425 313.119175
0.114319 313.126294
-0.114319 313.126294
0.117213 313.133487
-0.117213 313.133487
0.120107 313.140747
-0.120107 313.140747
0.123001 313.148066
-0.123001 313.148066
0.125895 313.155439
-0.125895 313.155439
0.128789 313.162857
-0.128789 313.162857
0.131684 313.170312
-0.131684 313.170312
0.134578 313.177799
-0.134578 313.177799
0.137472 313.185309
-0.137472 313.185309
0.140366 313.192835
-0.140366 313.192835
0.143260 313.200370
-0.143260 313.200370
0.146154 313.207906
-0.146154 313.207906
0.149048 313.215435
-0.149048 313.215435
0.151943 313.222951
-0.151943 313.222951
0.154837 313.230446
-0.154837 313.230446
0.157731 313.237912
-0.157731 313.237912
0.160625 313.245342
-0.160625 313.245342
0.163519 313.252729
-0.163519 313.252729
0.166413 313.260066
-0.166413 313.260066
0.169307 313.267344
-0.169307 313.267344
0.172202 313.274557
-0.172202 313.274557
0.175096 313.281699
-0.175096 313.281699
0.177990 313.288761
-0.177990 313.288761
0.180884 313.295736
-0.180884 313.295736
0.183778 313.302618
-0.183778 313.302618
0.186672 313.309401
-0.186672 313.309401
0.189566 313.316076
-0.189566 313.316076
0.192461 313.322638
-0.192461 313.322638
0.195355 313.329081
-0.195355 313.329081
0.198249 313.335396
-0.198249 313.335396
0.201143 313.341579
-0.201143 313.341579
0.204037 313.347624
-0.204037 313.347624
0.206931 313.353523
-0.206931 313.353523
0.209825 313.359272
-0.209825 313.359272
0.212720 313.364865
-0.212720 313.364865
0.215614 313.370295
-0.215614 313.370295
0.218508 313.375558
-0.218508 313.375558
0.221402 313.380649
-0.221402 313.380649
0.224296 313.385561
-0.224296 313.385561
0.227190 313.390291
-0.227190 313.390291
0.230084 313.394834
-0.230084 313.394834
0.232979 313.399185
-0.232979 313.399185
0.235873 313.403339
-0.235873 313.403339
0.238767 313.407294
-0.238767 313.407294
0.241661 313.411044
-0.241661 313.411044
0.244555 313.414585
-0.244555 313.414585
0.247449 313.417916
-0.247449 313.417916
0.250343 313.421031
-0.250343 313.421031
0.253238 313.423928
-0.253238 313.423928
0.256132 313.426604
-0.256132 313.426604
0.259026 313.429057
-0.259026 313.429057
0.261920 313.431283
-0.261920 313.431283
0.264814 313.433281
-0.264814 313.433281
0.267708 313.435049
-0.267708 313.435049
0.270602 313.436584
-0.270602 313.436584
0.273497 313.437886
-0.273497 313.437886
0.276391 313.438953
-0.276391 313.438953
0.279285 313.439784
-0.279285 313.439784
0.282179 313.440379
-0.282179 313.440379
0.285073 313.440735
-0.285073 313.440735
0.287967 313.440854
-0.287967 357.561539
-0.287967 357.561612
0.287967 357.561612
-0.285073 357.561829
0.285073 357.561829
-0.282179 357.562190
0.282179 357.562190
-0.279285 357.562696
0.279285 357.562696
-0.276391 357.563346
0.276391 357.563346
-0.273497 357.564139
0.273497 357.564139
-0.270602 357.565074
0.270602 357.565074
-0.267708 357.566150
0.267708 357.566150
-0.264814 357.567366
0.264814 357.567366
-0.261920 357.568721
0.261920 357.568721
-0.259026 357.570214
0.259026 357.570214
-0.256132 357.571843
0.256132 357.571843
-0.253238 357.573606
0.253238 357.573606
-0.250343 357.575502
0.250343 357.575502
-0.247449 357.577529
0.247449 357.577529
-0.244555 357.579684
0.244555 357.579684
-0.241661 357.581966
0.241661 357.581966
-0.238767 357.584372
0.238767 357.584372
-0.235873 357.586900
0.235873 357.586900
-0.232979 357.589546
0.232979 357.589546
-0.230084 357.592310
0.230084 357.592310
-0.227190 357.595187
0.227190 357.595187
-0.224296 357.598174
0.224296 357.598174
-0.221402 357.601270
0.221402 357.601270
-0.218508 357.604470
0.218508 357.604470
-0.215614 357.607772
0.215614 357.607772
-0.212720 357.611172
0.212720 357.611172
-0.209825 357.614666
0.209825 357.614666
-0.206931 357.618252
0.206931 357.618252
-0.204037 357.621925
0.204037 357.621925
-0.201143 357.625682
0.201143 357.625682
-0.198249 357.629519
0.198249 357.629519
-0.195355 357.633433
0.195355 357.633433
-0.192461 357.637419
0.192461 357.637419
-0.189566 357.641473
0.189566 357.641473
-0.186672 357.645592
0.186672 357.645592
-0.183778 357.649771
0.183778 357.649771
-0.180884 357.654006
0.180884 357.654006
-0.177990 357.658292
0.177990 357.658292
-0.175096 357.662627
0.175096 357.662627
-0.172202 357.667004
0.172202 357.667004
-0.169307 357.671421
0.169307 357.671421
-0.166413 357.675871
0.166413 357.675871
-0.163519 357.680352
0.163519 357.680352
-0.160625 357.684859
0.160625 357.684859
-0.157731 357.689386
0.157731 357.689386
-0.154837 357.693931
0.154837 357.693931
-0.151943 357.698487
0.151943 357.698487
-0.149048 357.703051
0.149048 357.703051
-0.146154 357.707618
0.146154 357.707618
-0.143260 357.712184
0.143260 357.712184
-0.140366 357.716744
0.140366 357.716744
-0.137472 357.721294
0.137472 357.721294
-0.134578 357.725829
0.134578 357.725829
-0.131684 357.730344
0.131684 357.730344
-0.128789 357.734836
0.128789 357.734836
-0.125895 357.739299
0.125895 357.739299
-0.123001 357.743730
0.123001 357.743730
-0.120107 357.748125
0.120107 357.748125
-0.117213 357.752478
0.117213 357.752478
-0.114319 357.756785
0.114319 357.756785
-0.111425 357.761043
0.111425 357.761043
-0.108530 357.765247
0.108530 357.765247
-0.105636 357.769394
0.105636 357.769394
-0.102742 357.773478
0.102742 357.773478
-0.099848 357.777496
0.099848 357.777496
-0.096954 357.781445
0.096954 357.781445
-0.094060 357.785320
0.094060 357.785320
-0.091166 357.789117
0.091166 357.789117
-0.088271 357.792833
0.088271 357.792833
-0.085377 357.796465
0.085377 357.796465
-0.082483 357.800008
0.082483 357.800008
-0.079589 357.803460
0.079589 357.803460
-0.076695 357.806816
0.076695 357.806816
-0.073801 357.810074
0.073801 357.810074
-0.070907 357.813231
0.070907 357.813231
-0.068012 357.816283
0.068012 357.816283
-0.065118 357.819228
0.065118 357.819228
-0.062224 357.822063
0.062224 357.822063
-0.059330 357.824784
0.059330 357.824784
-0.056436 357.827390
0.056436 357.827390
-0.053542 357.829878
0.053542 357.829878
-0.050648 357.832245
0.050648 357.832245
-0.047753 357.834489
0.047753 357.834489
-0.044859 357.836609
0.044859 357.836609
-0.041965 357.838601
0.041965 357.838601
-0.039071 357.840464
0.039071 357.840464
-0.036177 357.842197
0.036177 357.842197
-0.033283 357.843797
0.033283 357.843797
-0.030389 357.845263
0.030389 357.845263
-0.027494 357.846594
0.027494 357.846594
-0.024600 357.847788
0.024600 357.847788
-0.021706 357.848845
0.021706 357.848845
-0.018812 357.849762
0.018812 357.849762
-0.015918 357.850540
0.015918 357.850540
-0.013024 357.851178
0.013024 357.851178
-0.010130 357.851674
0.010130 357.851674
-0.007235 357.852029
0.007235 357.852029
-0.004341 357.852242
0.004341 357.852242
-0.001447 357.852313
