###############################################################
#Number of atoms in chain 800
#Number of cells 200
#Short Pt-X force constant 186.000000 N/M
#Long Pt-X force constant 18.600000 N/M
#Short X-X force constant -30.000000 N/M
#Long X-X force constant -30.000000 N/M
#Pt-Pt force constant 40.000000 N/M
#Distance between atom pair 2.327310 x10^-10 M
#Temperature 298.000000 K
#Acoustic MSRD 0.00165207 x10^-20 M^2
#Nu3 Optical MSRD 0.000150208 x10^-20 M^2
#Nu1 Optical MSRD 0.0020114 x10^-20 M^2
#Nu2 Optical MSRD 0.00135312 x10^-20 M^2
#Total MSRD 0.0051668 x10^-20 M^2
###############################################################
0.000000 0.000003
0.001447 0.627216
-0.001447 0.627216
0.004341 1.254246
-0.004341 1.254246
0.007235 1.880904
-0.007235 1.880904
0.010130 2.507006
-0.010130 2.507006
0.013024 3.132364
-0.013024 3.132364
0.015918 3.756794
-0.015918 3.756794
0.018812 4.380112
-0.018812 4.380112
0.021706 5.002132
-0.021706 5.002132
0.024600 5.622670
-0.024600 5.622670
0.027494 6.241542
-0.027494 6.241542
0.030389 6.858566
-0.030389 6.858566
0.033283 7.473559
-0.033283 7.473559
0.036177 8.086339
-0.036177 8.086339
0.039071 8.696724
-0.039071 8.696724
0.041965 9.304535
-0.041965 9.304535
0.044859 9.909592
-0.044859 9.909592
0.047753 10.511717
-0.047753 10.511717
0.050648 11.110734
-0.050648 11.110734
0.053542 11.706464
-0.053542 11.706464
0.056436 12.298735
-0.056436 12.298735
0.059330 12.887373
-0.059330 12.887373
0.062224 13.472206
-0.062224 13.472206
0.065118 14.053063
-0.065118 14.053063
0.068012 14.629776
-0.068012 14.629776
0.070907 15.202179
-0.070907 15.202179
0.073801 15.770107
-0.073801 15.770107
0.076695 16.333396
-0.076695 16.333396
0.079589 16.891887
-0.079589 16.891887
0.082483 17.445421
-0.082483 17.445421
0.085377 17.993841
-0.085377 17.993841
0.088271 18.536996
-0.088271 18.536996
0.091166 19.074733
-0.091166 19.074733
0.094060 19.606904
-0.094060 19.606904
0.096954 20.133365
-0.096954 20.133365
0.099848 20.653974
-0.099848 20.653974
0.102742 21.168590
-0.102742 21.168590
0.105636 21.677079
-0.105636 21.677079
0.108530 22.179307
-0.108530 22.179307
0.111425 22.675145
-0.111425 22.675145
0.114319 23.164468
-0.114319 23.164468
0.117213 23.647153
-0.117213 23.647153
0.120107 24.123083
-0.120107 24.123083
0.123001 24.592141
-0.123001 24.592141
0.125895 25.054219
-0.125895 25.054219
0.128789 25.509208
-0.128789 25.509208
0.131684 25.957006
-0.131684 25.957006
0.134578 26.397515
-0.134578 26.397515
0.137472 26.830639
-0.137472 26.830639
0.140366 27.256289
-0.140366 27.256289
0.143260 27.674377
-0.143260 27.674377
0.146154 28.084821
-0.146154 28.084821
0.149048 28.487545
-0.149048 28.487545
0.151943 28.882473
-0.151943 28.882473
0.154837 29.269538
-0.154837 29.269538
0.157731 29.648672
-0.157731 29.648672
0.160625 30.019816
-0.160625 30.019816
0.163519 30.382912
-0.163519 30.382912
0.166413 30.737907
-0.166413 30.737907
0.169307 31.084753
-0.169307 31.084753
0.172202 31.423404
-0.172202 31.423404
0.175096 31.753820
-0.175096 31.753820
0.177990 32.075964
-0.177990 32.075964
0.180884 32.389802
-0.180884 32.389802
0.183778 32.695304
-0.183778 32.695304
0.186672 32.992445
-0.186672 32.992445
0.189566 33.281200
-0.189566 33.281200
0.192461 33.561552
-0.192461 33.561552
0.195355 33.833482
-0.195355 33.833482
0.198249 34.096978
-0.198249 34.096978
0.201143 34.352029
-0.201143 34.352029
0.204037 34.598627
-0.204037 34.598627
0.206931 34.836767
-0.206931 34.836767
0.209825 35.066445
-0.209825 35.066445
0.212720 35.287661
-0.212720 35.287661
0.215614 35.500416
-0.215614 35.500416
0.218508 35.704713
-0.218508 35.704713
0.221402 35.900556
-0.221402 35.900556
0.224296 36.087953
-0.224296 36.087953
0.227190 36.266910
-0.227190 36.266910
0.230084 36.437436
-0.230084 36.437436
0.232979 36.599542
-0.232979 36.599542
0.235873 36.753237
-0.235873 36.753237
0.238767 36.898533
-0.238767 36.898533
0.241661 37.035441
-0.241661 37.035441
0.244555 37.163974
-0.244555 37.163974
0.247449 37.284143
-0.247449 37.284143
0.250343 37.395962
-0.250343 37.395962
0.253238 37.499441
-0.253238 37.499441
0.256132 37.594592
-0.256132 37.594592
0.259026 37.681427
-0.259026 37.681427
0.261920 37.759957
-0.261920 37.759957
0.264814 37.830191
-0.264814 37.830191
0.267708 37.892139
-0.267708 37.892139
0.270602 37.945810
-0.270602 37.945810
0.273497 37.991210
-0.273497 37.991210
0.276391 38.028347
-0.276391 38.028347
0.279285 38.057225
-0.279285 38.057225
0.282179 38.077849
-0.282179 38.077849
0.285073 38.090223
-0.285073 38.090223
0.287967 38.094347
-0.287967 98.548825
-0.287967 98.554888
0.287967 98.554888
-0.285073 98.573076
0.285073 98.573076
-0.282179 98.603379
0.282179 98.603379
-0.279285 98.645784
0.279285 98.645784
-0.276391 98.700271
0.276391 98.700271
-0.273497 98.766815
0.273497 98.766815
-0.270602 98.845385
0.270602 98.845385
-0.267708 98.935946
0.267708 98.935946
-0.264814 99.038455
0.264814 99.038455
-0.261920 99.152866
0.261920 99.152866
-0.259026 99.279128
0.259026 99.279128
-0.256132 99.417181
0.256132 99.417181
-0.253238 99.566965
0.253238 99.566965
-0.250343 99.728412
0.250343 99.728412
-0.247449 99.901448
0.247449 99.901448
-0.244555 100.085997
0.244555 100.085997
-0.241661 100.281977
0.241661 100.281977
-0.238767 100.489300
0.238767 100.489300
-0.235873 100.707874
0.235873 100.707874
-0.232979 100.937603
0.232979 100.937603
-0.230084 101.178387
0.230084 101.178387
-0.227190 101.430119
0.227190 101.430119
-0.224296 101.692691
0.224296 101.692691
-0.221402 101.965986
0.221402 101.965986
-0.218508 102.249887
0.218508 102.249887
-0.215614 102.544270
0.215614 102.544270
-0.212720 102.849007
0.212720 102.849007
-0.209825 103.163967
0.209825 103.163967
-0.206931 103.489012
0.206931 103.489012
-0.204037 103.824001
0.204037 103.824001
-0.201143 104.168789
0.201143 104.168789
-0.198249 104.523224
0.198249 104.523224
-0.195355 104.887152
0.195355 104.887152
-0.192461 105.260411
0.192461 105.260411
-0.189566 105.642837
0.189566 105.642837
-0.186672 106.034258
0.186672 106.034258
-0.183778 106.434498
0.183778 106.434498
-0.180884 106.843374
0.180884 106.843374
-0.177990 107.260699
0.177990 107.260699
-0.175096 107.686277
0.175096 107.686277
-0.172202 108.119907
0.172202 108.119907
-0.169307 108.561381
0.169307 108.561381
-0.166413 109.010483
0.166413 109.010483
-0.163519 109.466990
0.163519 109.466990
-0.160625 109.930668
0.160625 109.930668
-0.157731 110.401278
0.157731 110.401278
-0.154837 110.878570
0.154837 110.878570
-0.151943 111.362284
0.151943 111.362284
-0.149048 111.852149
0.149048 111.852149
-0.146154 112.347884
0.146154 112.347884
-0.143260 112.849197
0.143260 112.849197
-0.140366 113.355781
0.140366 113.355781
-0.137472 113.867318
0.137472 113.867318
-0.134578 114.383475
0.134578 114.383475
-0.131684 114.903906
0.131684 114.903906
-0.128789 115.428247
0.128789 115.428247
-0.125895 115.956119
0.125895 115.956119
-0.123001 116.487125
0.123001 116.487125
-0.120107 117.020851
0.120107 117.020851
-0.117213 117.556861
0.117213 117.556861
-0.114319 118.094701
0.114319 118.094701
-0.111425 118.633895
0.111425 118.633895
-0.108530 119.173944
0.108530 119.173944
-0.105636 119.714327
0.105636 119.714327
-0.102742 120.254496
0.102742 120.254496
-0.099848 120.793881
0.099848 120.793881
-0.096954 121.331882
0.096954 121.331882
-0.094060 121.867873
0.094060 121.867873
-0.091166 122.401199
0.091166 122.401199
-0.088271 122.931178
0.088271 122.931178
-0.085377 123.457093
0.085377 123.457093
-0.082483 123.978202
0.082483 123.978202
-0.079589 124.493728
0.079589 124.493728
-0.076695 125.002865
0.076695 125.002865
-0.073801 125.504773
0.073801 125.504773
-0.070907 125.998584
0.070907 125.998584
-0.068012 126.483398
0.068012 126.483398
-0.065118 126.958287
0.065118 126.958287
-0.062224 127.422293
0.062224 127.422293
-0.059330 127.874435
0.059330 127.874435
-0.056436 128.313707
0.056436 128.313707
-0.053542 128.739083
0.053542 128.739083
-0.050648 129.149522
0.050648 129.149522
-0.047753 129.543971
0.047753 129.543971
-0.044859 129.921372
0.044859 129.921372
-0.041965 130.280664
0.041965 130.280664
-0.039071 130.620797
0.039071 130.620797
-0.036177 130.940732
0.036177 130.940732
-0.033283 131.239455
0.033283 131.239455
-0.030389 131.515982
0.030389 131.515982
-0.027494 131.769371
0.027494 131.769371
-0.024600 131.998731
0.024600 131.998731
-0.021706 132.203229
0.021706 132.203229
-0.018812 132.382104
0.018812 132.382104
-0.015918 132.534675
0.015918 132.534675
-0.013024 132.660347
0.013024 132.660347
-0.010130 132.758623
0.010130 132.758623
-0.007235 132.829107
0.007235 132.829107
-0.004341 132.871513
0.004341 132.871513
-0.001447 132.885668
0.001447 201.243870
0.001447 201.263023
-0.001447 201.263023
0.004341 201.320421
-0.004341 201.320421
0.007235 201.415886
-0.007235 201.415886
0.010130 201.549124
-0.010130 201.549124
0.013024 201.719727
-0.013024 201.719727
0.015918 201.927183
-0.015918 201.927183
0.018812 202.170878
-0.018812 202.170878
0.021706 202.450109
-0.021706 202.450109
0.024600 202.764090
-0.024600 202.764090
0.027494 203.111958
-0.027494 203.111958
0.030389 203.492790
-0.030389 203.492790
0.033283 203.905608
-0.033283 203.905608
0.036177 204.349388
-0.036177 204.349388
0.039071 204.823072
-0.039071 204.823072
0.041965 205.325575
-0.041965 205.325575
0.044859 205.855793
-0.044859 205.855793
0.047753 206.412613
-0.047753 206.412613
0.050648 206.994916
-0.050648 206.994916
0.053542 207.601586
-0.053542 207.601586
0.056436 208.231516
-0.056436 208.231516
0.059330 208.883606
-0.059330 208.883606
0.062224 209.556778
-0.062224 209.556778
0.065118 210.249967
-0.065118 210.249967
0.068012 210.962133
-0.068012 210.962133
0.070907 211.692257
-0.070907 211.692257
0.073801 212.439346
-0.073801 212.439346
0.076695 213.202432
-0.076695 213.202432
0.079589 213.980573
-0.079589 213.980573
0.082483 214.772852
-0.082483 214.772852
0.085377 215.578382
-0.085377 215.578382
0.088271 216.396296
-0.088271 216.396296
0.091166 217.225758
-0.091166 217.225758
0.094060 218.065953
-0.094060 218.065953
0.096954 218.916089
-0.096954 218.916089
0.099848 219.775401
-0.099848 219.775401
0.102742 220.643140
-0.102742 220.643140
0.105636 221.518581
-0.105636 221.518581
0.108530 222.401016
-0.108530 222.401016
0.111425 223.289758
-0.111425 223.289758
0.114319 224.184134
-0.114319 224.184134
0.117213 225.083486
-0.117213 225.083486
0.120107 225.987172
-0.120107 225.987172
0.123001 226.894562
-0.123001 226.894562
0.125895 227.805037
-0.125895 227.805037
0.128789 228.717988
-0.128789 228.717988
0.131684 229.632818
-0.131684 229.632818
0.134578 230.548934
-0.134578 230.548934
0.137472 231.465751
-0.137472 231.465751
0.140366 232.382690
-0.140366 232.382690
0.143260 233.299174
-0.143260 233.299174
0.146154 234.214631
-0.146154 234.214631
0.149048 235.128491
-0.149048 235.128491
0.151943 236.040182
-0.151943 236.040182
0.154837 236.949132
-0.154837 236.949132
0.157731 237.854770
-0.157731 237.854770
0.160625 238.756519
-0.160625 238.756519
0.163519 239.653799
-0.163519 239.653799
0.166413 240.546023
-0.166413 240.546023
0.169307 241.432602
-0.169307 241.432602
0.172202 242.312934
-0.172202 242.312934
0.175096 243.186411
-0.175096 243.186411
0.177990 244.052418
-0.177990 244.052418
0.180884 244.910324
-0.180884 244.910324
0.183778 245.759489
-0.183778 245.759489
0.186672 246.599261
-0.186672 246.599261
0.189566 247.428973
-0.189566 247.428973
0.192461 248.247944
-0.192461 248.247944
0.195355 249.055477
-0.195355 249.055477
0.198249 249.850860
-0.198249 249.850860
0.201143 250.633362
-0.201143 250.633362
0.204037 251.402237
-0.204037 251.402237
0.206931 252.156720
-0.206931 252.156720
0.209825 252.896029
-0.209825 252.896029
0.212720 253.619365
-0.212720 253.619365
0.215614 254.325908
-0.215614 254.325908
0.218508 255.014825
-0.218508 255.014825
0.221402 255.685264
-0.221402 255.685264
0.224296 256.336358
-0.224296 256.336358
0.227190 256.967229
-0.227190 256.967229
0.230084 257.576982
-0.230084 257.576982
0.232979 258.164718
-0.232979 258.164718
0.235873 258.729527
-0.235873 258.729527
0.238767 259.270498
-0.238767 259.270498
0.241661 259.786718
-0.241661 259.786718
0.244555 260.277281
-0.244555 260.277281
0.247449 260.741289
-0.247449 260.741289
0.250343 261.177859
-0.250343 261.177859
0.253238 261.586126
-0.253238 261.586126
0.256132 261.965254
-0.256132 261.965254
0.259026 262.314438
-0.259026 262.314438
0.261920 262.632914
-0.261920 262.632914
0.264814 262.919963
-0.264814 262.919963
0.267708 263.174919
-0.267708 263.174919
0.270602 263.397175
-0.270602 263.397175
0.273497 263.586193
-0.273497 263.586193
0.276391 263.741503
-0.276391 263.741503
0.279285 263.862714
-0.279285 263.862714
0.282179 263.949518
-0.282179 263.949518
0.285073 264.001690
-0.285073 264.001690
0.287967 264.019096
-0.287967 331.656245
-0.287967 331.667825
0.287967 331.667825
-0.285073 331.702522
0.285073 331.702522
-0.282179 331.760205
0.282179 331.760205
-0.279285 331.840660
0.279285 331.840660
-0.276391 331.943590
0.276391 331.943590
-0.273497 332.068620
0.273497 332.068620
-0.270602 332.215301
0.270602 332.215301
-0.267708 332.383115
0.267708 332.383115
-0.264814 332.571483
0.264814 332.571483
-0.261920 332.779769
0.261920 332.779769
-0.259026 333.007288
0.259026 333.007288
-0.256132 333.253313
0.256132 333.253313
-0.253238 333.517081
0.253238 333.517081
-0.250343 333.797799
0.250343 333.797799
-0.247449 334.094654
0.247449 334.094654
-0.244555 334.406815
0.244555 334.406815
-0.241661 334.733440
0.241661 334.733440
-0.238767 335.073682
0.238767 335.073682
-0.235873 335.426697
0.235873 335.426697
-0.232979 335.791639
0.232979 335.791639
-0.230084 336.167675
0.230084 336.167675
-0.227190 336.553981
0.227190 336.553981
-0.224296 336.949747
0.224296 336.949747
-0.221402 337.354180
0.221402 337.354180
-0.218508 337.766506
0.218508 337.766506
-0.215614 338.185968
0.215614 338.185968
-0.212720 338.611836
0.212720 338.611836
-0.209825 339.043396
0.209825 339.043396
-0.206931 339.479962
0.206931 339.479962
-0.204037 339.920868
0.204037 339.920868
-0.201143 340.365473
0.201143 340.365473
-0.198249 340.813158
0.198249 340.813158
-0.195355 341.263331
0.195355 341.263331
-0.192461 341.715418
0.192461 341.715418
-0.189566 342.168871
0.189566 342.168871
-0.186672 342.623164
0.186672 342.623164
-0.183778 343.077790
0.183778 343.077790
-0.180884 343.532266
0.180884 343.532266
-0.177990 343.986128
0.177990 343.986128
-0.175096 344.438932
0.175096 344.438932
-0.172202 344.890252
0.172202 344.890252
-0.169307 345.339681
0.169307 345.339681
-0.166413 345.786831
0.166413 345.786831
-0.163519 346.231327
0.163519 346.231327
-0.160625 346.672814
0.160625 346.672814
-0.157731 347.110950
0.157731 347.110950
-0.154837 347.545410
0.154837 347.545410
-0.151943 347.975882
0.151943 347.975882
-0.149048 348.402067
0.149048 348.402067
-0.146154 348.823679
0.146154 348.823679
-0.143260 349.240446
0.143260 349.240446
-0.140366 349.652107
0.140366 349.652107
-0.137472 350.058411
0.137472 350.058411
-0.134578 350.459121
0.134578 350.459121
-0.131684 350.854006
0.131684 350.854006
-0.128789 351.242849
0.128789 351.242849
-0.125895 351.625439
0.125895 351.625439
-0.123001 352.001578
0.123001 352.001578
-0.120107 352.371072
0.120107 352.371072
-0.117213 352.733739
0.117213 352.733739
-0.114319 353.089404
0.114319 353.089404
-0.111425 353.437899
0.111425 353.437899
-0.108530 353.779062
0.108530 353.779062
-0.105636 354.112742
0.105636 354.112742
-0.102742 354.438790
0.102742 354.438790
-0.099848 354.757066
0.099848 354.757066
-0.096954 355.067437
0.096954 355.067437
-0.094060 355.369775
0.094060 355.369775
-0.091166 355.663955
0.091166 355.663955
-0.088271 355.949863
0.088271 355.949863
-0.085377 356.227386
0.085377 356.227386
-0.082483 356.496417
0.082483 356.496417
-0.079589 356.756856
0.079589 356.756856
-0.076695 357.008605
0.076695 357.008605
-0.073801 357.251573
0.073801 357.251573
-0.070907 357.485672
0.070907 357.485672
-0.068012 357.710818
0.068012 357.710818
-0.065118 357.926934
0.065118 357.926934
-0.062224 358.133944
0.062224 358.133944
-0.059330 358.331778
0.059330 358.331778
-0.056436 358.520369
0.056436 358.520369
-0.053542 358.699654
0.053542 358.699654
-0.050648 358.869573
0.050648 358.869573
-0.047753 359.030071
0.047753 359.030071
-0.044859 359.181096
0.044859 359.181096
-0.041965 359.322599
0.041965 359.322599
-0.039071 359.454536
0.039071 359.454536
-0.036177 359.576864
0.036177 359.576864
-0.033283 359.689546
0.033283 359.689546
-0.030389 359.792545
0.030389 359.792545
-0.027494 359.885830
0.027494 359.885830
-0.024600 359.969373
0.024600 359.969373
-0.021706 360.043147
0.021706 360.043147
-0.018812 360.107129
0.018812 360.107129
-0.015918 360.161301
0.015918 360.161301
-0.013024 360.205646
0.013024 360.205646
-0.010130 360.240151
0.010130 360.240151
-0.007235 360.264804
0.007235 360.264804
-0.004341 360.279599
0.004341 360.279599
-0.001447 360.284531
