###############################################################
#Number of atoms in chain 800
#Number of cells 200
#Short Pt-X force constant 186.000000 N/M
#Long Pt-X force constant 18.600000 N/M
#Short X-X force constant -20.000000 N/M
#Long X-X force constant -20.000000 N/M
#Pt-Pt force constant 60.000000 N/M
#Distance between atom pair 2.327310 x10^-10 M
#Temperature 298.000000 K
#Acoustic MSRD 0.000176426 x10^-20 M^2
#Nu3 Optical MSRD 6.13388e-05 x10^-20 M^2
#Nu1 Optical MSRD 0.00161304 x10^-20 M^2
#Nu2 Optical MSRD 0.0013215 x10^-20 M^2
#Total MSRD 0.00317231 x10^-20 M^2
###############################################################
0.000000 0.000002
0.001447 0.796486
-0.001447 0.796486
0.004341 1.592964
-0.004341 1.592964
0.007235 2.389426
-0.007235 2.389426
0.010130 3.185862
-0.010130 3.185862
0.013024 3.982264
-0.013024 3.982264
0.015918 4.778622
-0.015918 4.778622
0.018812 5.574928
-0.018812 5.574928
0.021706 6.371169
-0.021706 6.371169
0.024600 7.167334
-0.024600 7.167334
0.027494 7.963412
-0.027494 7.963412
0.030389 8.759388
-0.030389 8.759388
0.033283 9.555248
-0.033283 9.555248
0.036177 10.350976
-0.036177 10.350976
0.039071 11.146554
-0.039071 11.146554
0.041965 11.941965
-0.041965 11.941965
0.044859 12.737187
-0.044859 12.737187
0.047753 13.532198
-0.047753 13.532198
0.050648 14.326974
-0.050648 14.326974
0.053542 15.121490
-0.053542 15.121490
0.056436 15.915715
-0.056436 15.915715
0.059330 16.709621
-0.059330 16.709621
0.062224 17.503174
-0.062224 17.503174
0.065118 18.296338
-0.065118 18.296338
0.068012 19.089076
-0.068012 19.089076
0.070907 19.881346
-0.070907 19.881346
0.073801 20.673104
-0.073801 20.673104
0.076695 21.464304
-0.076695 21.464304
0.079589 22.254894
-0.079589 22.254894
0.082483 23.044822
-0.082483 23.044822
0.085377 23.834029
-0.085377 23.834029
0.088271 24.622454
-0.088271 24.622454
0.091166 25.410033
-0.091166 25.410033
0.094060 26.196696
-0.094060 26.196696
0.096954 26.982370
-0.096954 26.982370
0.099848 27.766977
-0.099848 27.766977
0.102742 28.550433
-0.102742 28.550433
0.105636 29.332652
-0.105636 29.332652
0.108530 30.113540
-0.108530 30.113540
0.111425 30.892998
-0.111425 30.892998
0.114319 31.670924
-0.114319 31.670924
0.117213 32.447207
-0.117213 32.447207
0.120107 33.221730
-0.120107 33.221730
0.123001 33.994372
-0.123001 33.994372
0.125895 34.765001
-0.125895 34.765001
0.128789 35.533483
-0.128789 35.533483
0.131684 36.299671
-0.131684 36.299671
0.134578 37.063414
-0.134578 37.063414
0.137472 37.824551
-0.137472 37.824551
0.140366 38.582912
-0.140366 38.582912
0.143260 39.338318
-0.143260 39.338318
0.146154 40.090580
-0.146154 40.090580
0.149048 40.839500
-0.149048 40.839500
0.151943 41.584867
-0.151943 41.584867
0.154837 42.326460
-0.154837 42.326460
0.157731 43.064045
-0.157731 43.064045
0.160625 43.797377
-0.160625 43.797377
0.163519 44.526195
-0.163519 44.526195
0.166413 45.250226
-0.166413 45.250226
0.169307 45.969180
-0.169307 45.969180
0.172202 46.682754
-0.172202 46.682754
0.175096 47.390626
-0.175096 47.390626
0.177990 48.092456
-0.177990 48.092456
0.180884 48.787888
-0.180884 48.787888
0.183778 49.476545
-0.183778 49.476545
0.186672 50.158030
-0.186672 50.158030
0.189566 50.831924
-0.189566 50.831924
0.192461 51.497787
-0.192461 51.497787
0.195355 52.155154
-0.195355 52.155154
0.198249 52.803536
-0.198249 52.803536
0.201143 53.442419
-0.201143 53.442419
0.204037 54.071264
-0.204037 54.071264
0.206931 54.689502
-0.206931 54.689502
0.209825 55.296538
-0.209825 55.296538
0.212720 55.891749
-0.212720 55.891749
0.215614 56.474480
-0.215614 56.474480
0.218508 57.044051
-0.218508 57.044051
0.221402 57.599751
-0.221402 57.599751
0.224296 58.140838
-0.224296 58.140838
0.227190 58.666547
-0.227190 58.666547
0.230084 59.176081
-0.230084 59.176081
0.232979 59.668621
-0.232979 59.668621
0.235873 60.143324
-0.235873 60.143324
0.238767 60.599328
-0.238767 60.599328
0.241661 61.035753
-0.241661 61.035753
0.244555 61.451708
-0.244555 61.451708
0.247449 61.846295
-0.247449 61.846295
0.250343 62.218614
-0.250343 62.218614
0.253238 62.567772
-0.253238 62.567772
0.256132 62.892889
-0.256132 62.892889
0.259026 63.193104
-0.259026 63.193104
0.261920 63.467590
-0.261920 63.467590
0.264814 63.715556
-0.264814 63.715556
0.267708 63.936263
-0.267708 63.936263
0.270602 64.129029
-0.270602 64.129029
0.273497 64.293240
-0.273497 64.293240
0.276391 64.428359
-0.276391 64.428359
0.279285 64.533935
-0.279285 64.533935
0.282179 64.609608
-0.282179 64.609608
0.285073 64.655117
-0.285073 64.655117
0.287967 64.670305
-0.287967 115.049772
-0.287967 115.063460
0.287967 115.063460
-0.285073 115.104469
0.285073 115.104469
-0.282179 115.172639
0.282179 115.172639
-0.279285 115.267708
0.279285 115.267708
-0.276391 115.389311
0.276391 115.389311
-0.273497 115.536992
0.273497 115.536992
-0.270602 115.710209
0.270602 115.710209
-0.267708 115.908341
0.267708 115.908341
-0.264814 116.130698
0.264814 116.130698
-0.261920 116.376529
0.261920 116.376529
-0.259026 116.645035
0.259026 116.645035
-0.256132 116.935374
0.256132 116.935374
-0.253238 117.246675
0.253238 117.246675
-0.250343 117.578040
0.250343 117.578040
-0.247449 117.928561
0.247449 117.928561
-0.244555 118.297319
0.244555 118.297319
-0.241661 118.683398
0.241661 118.683398
-0.238767 119.085883
0.238767 119.085883
-0.235873 119.503873
0.235873 119.503873
-0.232979 119.936479
0.232979 119.936479
-0.230084 120.382832
0.230084 120.382832
-0.227190 120.842081
0.227190 120.842081
-0.224296 121.313402
0.224296 121.313402
-0.221402 121.795991
0.221402 121.795991
-0.218508 122.289073
0.218508 122.289073
-0.215614 122.791897
0.215614 122.791897
-0.212720 123.303739
0.212720 123.303739
-0.209825 123.823902
0.209825 123.823902
-0.206931 124.351714
0.206931 124.351714
-0.204037 124.886529
0.204037 124.886529
-0.201143 125.427725
0.201143 125.427725
-0.198249 125.974703
0.198249 125.974703
-0.195355 126.526888
0.195355 126.526888
-0.192461 127.083726
0.192461 127.083726
-0.189566 127.644683
0.189566 127.644683
-0.186672 128.209245
0.186672 128.209245
-0.183778 128.776916
0.183778 128.776916
-0.180884 129.347215
0.180884 129.347215
-0.177990 129.919679
0.177990 129.919679
-0.175096 130.493859
0.175096 130.493859
-0.172202 131.069317
0.172202 131.069317
-0.169307 131.645631
0.169307 131.645631
-0.166413 132.222387
0.166413 132.222387
-0.163519 132.799183
0.163519 132.799183
-0.160625 133.375624
0.160625 133.375624
-0.157731 133.951325
0.157731 133.951325
-0.154837 134.525907
0.154837 134.525907
-0.151943 135.098997
0.151943 135.098997
-0.149048 135.670228
0.149048 135.670228
-0.146154 136.239237
0.146154 136.239237
-0.143260 136.805666
0.143260 136.805666
-0.140366 137.369158
0.140366 137.369158
-0.137472 137.929360
0.137472 137.929360
-0.134578 138.485918
0.134578 138.485918
-0.131684 139.038484
0.131684 139.038484
-0.128789 139.586705
0.128789 139.586705
-0.125895 140.130231
0.125895 140.130231
-0.123001 140.668711
0.123001 140.668711
-0.120107 141.201792
0.120107 141.201792
-0.117213 141.729121
0.117213 141.729121
-0.114319 142.250343
0.114319 142.250343
-0.111425 142.765100
0.111425 142.765100
-0.108530 143.273032
0.108530 143.273032
-0.105636 143.773778
0.105636 143.773778
-0.102742 144.266972
0.102742 144.266972
-0.099848 144.752248
0.099848 144.752248
-0.096954 145.229235
0.096954 145.229235
-0.094060 145.697561
0.094060 145.697561
-0.091166 146.156850
0.091166 146.156850
-0.088271 146.606726
0.088271 146.606726
-0.085377 147.046808
0.085377 147.046808
-0.082483 147.476716
0.082483 147.476716
-0.079589 147.896066
0.079589 147.896066
-0.076695 148.304477
0.076695 148.304477
-0.073801 148.701564
0.073801 148.701564
-0.070907 149.086945
0.070907 149.086945
-0.068012 149.460238
0.068012 149.460238
-0.065118 149.821063
0.065118 149.821063
-0.062224 150.169043
0.062224 150.169043
-0.059330 150.503806
0.059330 150.503806
-0.056436 150.824984
0.056436 150.824984
-0.053542 151.132216
0.053542 151.132216
-0.050648 151.425146
0.050648 151.425146
-0.047753 151.703429
0.047753 151.703429
-0.044859 151.966729
0.044859 151.966729
-0.041965 152.214722
0.041965 152.214722
-0.039071 152.447095
0.039071 152.447095
-0.036177 152.663550
0.036177 152.663550
-0.033283 152.863804
0.033283 152.863804
-0.030389 153.047590
0.030389 153.047590
-0.027494 153.214660
0.027494 153.214660
-0.024600 153.364785
0.024600 153.364785
-0.021706 153.497757
0.021706 153.497757
-0.018812 153.613388
0.018812 153.613388
-0.015918 153.711513
0.015918 153.711513
-0.013024 153.791993
0.013024 153.791993
-0.010130 153.854710
0.010130 153.854710
-0.007235 153.899574
0.007235 153.899574
-0.004341 153.926518
0.004341 153.926518
-0.001447 153.935504
0.001447 244.228589
0.001447 244.238109
-0.001447 244.238109
0.004341 244.266654
-0.004341 244.266654
0.007235 244.314180
-0.007235 244.314180
0.010130 244.380614
-0.010130 244.380614
0.013024 244.465853
-0.013024 244.465853
0.015918 244.569767
-0.015918 244.569767
0.018812 244.692199
-0.018812 244.692199
0.021706 244.832964
-0.021706 244.832964
0.024600 244.991851
-0.024600 244.991851
0.027494 245.168626
-0.027494 245.168626
0.030389 245.363031
-0.030389 245.363031
0.033283 245.574786
-0.033283 245.574786
0.036177 245.803587
-0.036177 245.803587
0.039071 246.049116
-0.039071 246.049116
0.041965 246.311033
-0.041965 246.311033
0.044859 246.588981
-0.044859 246.588981
0.047753 246.882590
-0.047753 246.882590
0.050648 247.191474
-0.050648 247.191474
0.053542 247.515236
-0.053542 247.515236
0.056436 247.853467
-0.056436 247.853467
0.059330 248.205748
-0.059330 248.205748
0.062224 248.571651
-0.062224 248.571651
0.065118 248.950741
-0.065118 248.950741
0.068012 249.342577
-0.068012 249.342577
0.070907 249.746713
-0.070907 249.746713
0.073801 250.162696
-0.073801 250.162696
0.076695 250.590073
-0.076695 250.590073
0.079589 251.028387
-0.079589 251.028387
0.082483 251.477178
-0.082483 251.477178
0.085377 251.935986
-0.085377 251.935986
0.088271 252.404351
-0.088271 252.404351
0.091166 252.881811
-0.091166 252.881811
0.094060 253.367905
-0.094060 253.367905
0.096954 253.862175
-0.096954 253.862175
0.099848 254.364160
-0.099848 254.364160
0.102742 254.873402
-0.102742 254.873402
0.105636 255.389446
-0.105636 255.389446
0.108530 255.911837
-0.108530 255.911837
0.111425 256.440121
-0.111425 256.440121
0.114319 256.973847
-0.114319 256.973847
0.117213 257.512564
-0.117213 257.512564
0.120107 258.055824
-0.120107 258.055824
0.123001 258.603180
-0.123001 258.603180
0.125895 259.154186
-0.125895 259.154186
0.128789 259.708397
-0.128789 259.708397
0.131684 260.265370
-0.131684 260.265370
0.134578 260.824660
-0.134578 260.824660
0.137472 261.385824
-0.137472 261.385824
0.140366 261.948421
-0.140366 261.948421
0.143260 262.512007
-0.143260 262.512007
0.146154 263.076138
-0.146154 263.076138
0.149048 263.640370
-0.149048 263.640370
0.151943 264.204257
-0.151943 264.204257
0.154837 264.767352
-0.154837 264.767352
0.157731 265.329207
-0.157731 265.329207
0.160625 265.889369
-0.160625 265.889369
0.163519 266.447385
-0.163519 266.447385
0.166413 267.002799
-0.166413 267.002799
0.169307 267.555150
-0.169307 267.555150
0.172202 268.103976
-0.172202 268.103976
0.175096 268.648808
-0.175096 268.648808
0.177990 269.189176
-0.177990 269.189176
0.180884 269.724603
-0.180884 269.724603
0.183778 270.254610
-0.183778 270.254610
0.186672 270.778711
-0.186672 270.778711
0.189566 271.296417
-0.189566 271.296417
0.192461 271.807233
-0.192461 271.807233
0.195355 272.310658
-0.195355 272.310658
0.198249 272.806188
-0.198249 272.806188
0.201143 273.293313
-0.201143 273.293313
0.204037 273.771520
-0.204037 273.771520
0.206931 274.240289
-0.206931 274.240289
0.209825 274.699099
-0.209825 274.699099
0.212720 275.147423
-0.212720 275.147423
0.215614 275.584733
-0.215614 275.584733
0.218508 276.010499
-0.218508 276.010499
0.221402 276.424188
-0.221402 276.424188
0.224296 276.825269
-0.224296 276.825269
0.227190 277.213211
-0.227190 277.213211
0.230084 277.587485
-0.230084 277.587485
0.232979 277.947566
-0.232979 277.947566
0.235873 278.292936
-0.235873 278.292936
0.238767 278.623083
-0.238767 278.623083
0.241661 278.937502
-0.241661 278.937502
0.244555 279.235703
-0.244555 279.235703
0.247449 279.517206
-0.247449 279.517206
0.250343 279.781548
-0.250343 279.781548
0.253238 280.028284
-0.253238 280.028284
0.256132 280.256988
-0.256132 280.256988
0.259026 280.467259
-0.259026 280.467259
0.261920 280.658718
-0.261920 280.658718
0.264814 280.831015
-0.264814 280.831015
0.267708 280.983830
-0.267708 280.983830
0.270602 281.116875
-0.270602 281.116875
0.273497 281.229894
-0.273497 281.229894
0.276391 281.322668
-0.276391 281.322668
0.279285 281.395017
-0.279285 281.395017
0.282179 281.446798
-0.282179 281.446798
0.285073 281.477908
-0.285073 281.477908
0.287967 281.488285
-0.287967 342.661039
-0.287967 342.667833
0.287967 342.667833
-0.285073 342.688197
0.285073 342.688197
-0.282179 342.722073
0.282179 342.722073
-0.279285 342.769367
0.279285 342.769367
-0.276391 342.829949
0.276391 342.829949
-0.273497 342.903652
0.273497 342.903652
-0.270602 342.990276
0.270602 342.990276
-0.267708 343.089589
0.267708 343.089589
-0.264814 343.201327
0.264814 343.201327
-0.261920 343.325199
0.261920 343.325199
-0.259026 343.460888
0.259026 343.460888
-0.256132 343.608051
0.256132 343.608051
-0.253238 343.766327
0.253238 343.766327
-0.250343 343.935332
0.250343 343.935332
-0.247449 344.114669
0.247449 344.114669
-0.244555 344.303923
0.244555 344.303923
-0.241661 344.502672
0.241661 344.502672
-0.238767 344.710480
0.238767 344.710480
-0.235873 344.926907
0.235873 344.926907
-0.232979 345.151505
0.232979 345.151505
-0.230084 345.383825
0.230084 345.383825
-0.227190 345.623416
0.227190 345.623416
-0.224296 345.869825
0.224296 345.869825
-0.221402 346.122605
0.221402 346.122605
-0.218508 346.381309
0.218508 346.381309
-0.215614 346.645494
0.215614 346.645494
-0.212720 346.914725
0.212720 346.914725
-0.209825 347.188571
0.209825 347.188571
-0.206931 347.466610
0.206931 347.466610
-0.204037 347.748427
0.204037 347.748427
-0.201143 348.033615
0.201143 348.033615
-0.198249 348.321777
0.198249 348.321777
-0.195355 348.612526
0.195355 348.612526
-0.192461 348.905484
0.192461 348.905484
-0.189566 349.200282
0.189566 349.200282
-0.186672 349.496563
0.186672 349.496563
-0.183778 349.793978
0.183778 349.793978
-0.180884 350.092191
0.180884 350.092191
-0.177990 350.390873
0.177990 350.390873
-0.175096 350.689709
0.175096 350.689709
-0.172202 350.988391
0.172202 350.988391
-0.169307 351.286622
0.169307 351.286622
-0.166413 351.584115
0.166413 351.584115
-0.163519 351.880592
0.163519 351.880592
-0.160625 352.175785
0.160625 352.175785
-0.157731 352.469436
0.157731 352.469436
-0.154837 352.761294
0.154837 352.761294
-0.151943 353.051119
0.151943 353.051119
-0.149048 353.338677
0.149048 353.338677
-0.146154 353.623746
0.146154 353.623746
-0.143260 353.906109
0.143260 353.906109
-0.140366 354.185557
0.140366 354.185557
-0.137472 354.461892
0.137472 354.461892
-0.134578 354.734918
0.134578 354.734918
-0.131684 355.004451
0.131684 355.004451
-0.128789 355.270312
0.128789 355.270312
-0.125895 355.532329
0.125895 355.532329
-0.123001 355.790335
0.123001 355.790335
-0.120107 356.044172
0.120107 356.044172
-0.117213 356.293687
0.117213 356.293687
-0.114319 356.538732
0.114319 356.538732
-0.111425 356.779166
0.111425 356.779166
-0.108530 357.014853
0.108530 357.014853
-0.105636 357.245662
0.105636 357.245662
-0.102742 357.471468
0.102742 357.471468
-0.099848 357.692151
0.099848 357.692151
-0.096954 357.907596
0.096954 357.907596
-0.094060 358.117692
0.094060 358.117692
-0.091166 358.322333
0.091166 358.322333
-0.088271 358.521417
0.088271 358.521417
-0.085377 358.714848
0.085377 358.714848
-0.082483 358.902532
0.082483 358.902532
-0.079589 359.084381
0.079589 359.084381
-0.076695 359.260311
0.076695 359.260311
-0.073801 359.430239
0.073801 359.430239
-0.070907 359.594090
0.070907 359.594090
-0.068012 359.751790
0.068012 359.751790
-0.065118 359.903269
0.065118 359.903269
-0.062224 360.048461
0.062224 360.048461
-0.059330 360.187304
0.059330 360.187304
-0.056436 360.319737
0.056436 360.319737
-0.053542 360.445706
0.053542 360.445706
-0.050648 360.565157
0.050648 360.565157
-0.047753 360.678040
0.047753 360.678040
-0.044859 360.784310
0.044859 360.784310
-0.041965 360.883923
0.041965 360.883923
-0.039071 360.976838
0.039071 360.976838
-0.036177 361.063018
0.036177 361.063018
-0.033283 361.142429
0.033283 361.142429
-0.030389 361.215039
0.030389 361.215039
-0.027494 361.280820
0.027494 361.280820
-0.024600 361.339745
0.024600 361.339745
-0.021706 361.391792
0.021706 361.391792
-0.018812 361.436940
0.018812 361.436940
-0.015918 361.475171
0.015918 361.475171
-0.013024 361.506472
0.013024 361.506472
-0.010130 361.530830
0.010130 361.530830
-0.007235 361.548234
0.007235 361.548234
-0.004341 361.558680
0.004341 361.558680
-0.001447 361.562162
