###############################################################
#Number of atoms in chain 800
#Number of cells 200
#Short Pt-X force constant 186.000000 N/M
#Long Pt-X force constant 18.600000 N/M
#Short X-X force constant -10.000000 N/M
#Long X-X force constant -10.000000 N/M
#Pt-Pt force constant 36.000000 N/M
#Distance between atom pair 2.327310 x10^-10 M
#Temperature 298.000000 K
#Acoustic MSRD 1.06556e-05 x10^-20 M^2
#Nu3 Optical MSRD 2.85594e-05 x10^-20 M^2
#Nu1 Optical MSRD 0.00136319 x10^-20 M^2
#Nu2 Optical MSRD 0.00131012 x10^-20 M^2
#Total MSRD 0.00271252 x10^-20 M^2
###############################################################
0.000000 0.000002
0.001447 0.792638
-0.001447 0.792638
0.004341 1.585251
-0.004341 1.585251
0.007235 2.377816
-0.007235 2.377816
0.010130 3.170308
-0.010130 3.170308
0.013024 3.962703
-0.013024 3.962703
0.015918 4.754977
-0.015918 4.754977
0.018812 5.547103
-0.018812 5.547103
0.021706 6.339059
-0.021706 6.339059
0.024600 7.130817
-0.024600 7.130817
0.027494 7.922353
-0.027494 7.922353
0.030389 8.713640
-0.030389 8.713640
0.033283 9.504652
-0.033283 9.504652
0.036177 10.295362
-0.036177 10.295362
0.039071 11.085743
-0.039071 11.085743
0.041965 11.875766
-0.041965 11.875766
0.044859 12.665402
-0.044859 12.665402
0.047753 13.454624
-0.047753 13.454624
0.050648 14.243399
-0.050648 14.243399
0.053542 15.031698
-0.053542 15.031698
0.056436 15.819489
-0.056436 15.819489
0.059330 16.606738
-0.059330 16.606738
0.062224 17.393414
-0.062224 17.393414
0.065118 18.179480
-0.065118 18.179480
0.068012 18.964902
-0.068012 18.964902
0.070907 19.749642
-0.070907 19.749642
0.073801 20.533663
-0.073801 20.533663
0.076695 21.316924
-0.076695 21.316924
0.079589 22.099385
-0.079589 22.099385
0.082483 22.881003
-0.082483 22.881003
0.085377 23.661734
-0.085377 23.661734
0.088271 24.441533
-0.088271 24.441533
0.091166 25.220352
-0.091166 25.220352
0.094060 25.998141
-0.094060 25.998141
0.096954 26.774849
-0.096954 26.774849
0.099848 27.550422
-0.099848 27.550422
0.102742 28.324803
-0.102742 28.324803
0.105636 29.097934
-0.105636 29.097934
0.108530 29.869754
-0.108530 29.869754
0.111425 30.640198
-0.111425 30.640198
0.114319 31.409200
-0.114319 31.409200
0.117213 32.176687
-0.117213 32.176687
0.120107 32.942588
-0.120107 32.942588
0.123001 33.706823
-0.123001 33.706823
0.125895 34.469312
-0.125895 34.469312
0.128789 35.229968
-0.128789 35.229968
0.131684 35.988702
-0.131684 35.988702
0.134578 36.745417
-0.134578 36.745417
0.137472 37.500014
-0.137472 37.500014
0.140366 38.252386
-0.140366 38.252386
0.143260 39.002421
-0.143260 39.002421
0.146154 39.750000
-0.146154 39.750000
0.149048 40.494999
-0.149048 40.494999
0.151943 41.237283
-0.151943 41.237283
0.154837 41.976711
-0.154837 41.976711
0.157731 42.713134
-0.157731 42.713134
0.160625 43.446392
-0.160625 43.446392
0.163519 44.176314
-0.163519 44.176314
0.166413 44.902719
-0.166413 44.902719
0.169307 45.625416
-0.169307 45.625416
0.172202 46.344196
-0.172202 46.344196
0.175096 47.058840
-0.175096 47.058840
0.177990 47.769112
-0.177990 47.769112
0.180884 48.474759
-0.180884 48.474759
0.183778 49.175510
-0.183778 49.175510
0.186672 49.871073
-0.186672 49.871073
0.189566 50.561137
-0.189566 50.561137
0.192461 51.245364
-0.192461 51.245364
0.195355 51.923392
-0.195355 51.923392
0.198249 52.594832
-0.198249 52.594832
0.201143 53.259263
-0.201143 53.259263
0.204037 53.916230
-0.204037 53.916230
0.206931 54.565243
-0.206931 54.565243
0.209825 55.205773
-0.209825 55.205773
0.212720 55.837247
-0.212720 55.837247
0.215614 56.459047
-0.215614 56.459047
0.218508 57.070504
-0.218508 57.070504
0.221402 57.670896
-0.221402 57.670896
0.224296 58.259443
-0.224296 58.259443
0.227190 58.835302
-0.227190 58.835302
0.230084 59.397568
-0.230084 59.397568
0.232979 59.945263
-0.232979 59.945263
0.235873 60.477340
-0.235873 60.477340
0.238767 60.992677
-0.238767 60.992677
0.241661 61.490075
-0.241661 61.490075
0.244555 61.968263
-0.244555 61.968263
0.247449 62.425894
-0.247449 62.425894
0.250343 62.861553
-0.250343 62.861553
0.253238 63.273765
-0.253238 63.273765
0.256132 63.661002
-0.256132 63.661002
0.259026 64.021699
-0.259026 64.021699
0.261920 64.354275
-0.261920 64.354275
0.264814 64.657153
-0.264814 64.657153
0.267708 64.928787
-0.267708 64.928787
0.270602 65.167694
-0.270602 65.167694
0.273497 65.372490
-0.273497 65.372490
0.276391 65.541920
-0.276391 65.541920
0.279285 65.674900
-0.279285 65.674900
0.282179 65.770545
-0.282179 65.770545
0.285073 65.828200
-0.285073 65.828200
0.287967 65.847464
-0.287967 95.584681
-0.287967 95.601440
0.287967 95.601440
-0.285073 95.651580
0.285073 95.651580
-0.282179 95.734696
0.282179 95.734696
-0.279285 95.850127
0.279285 95.850127
-0.276391 95.996981
0.276391 95.996981
-0.273497 96.174164
0.273497 96.174164
-0.270602 96.380411
0.270602 96.380411
-0.267708 96.614320
0.267708 96.614320
-0.264814 96.874395
0.264814 96.874395
-0.261920 97.159071
0.261920 97.159071
-0.259026 97.466749
0.259026 97.466749
-0.256132 97.795826
0.256132 97.795826
-0.253238 98.144712
0.253238 98.144712
-0.250343 98.511852
0.250343 98.511852
-0.247449 98.895741
0.247449 98.895741
-0.244555 99.294933
0.244555 99.294933
-0.241661 99.708048
0.241661 99.708048
-0.238767 100.133777
0.238767 100.133777
-0.235873 100.570884
0.235873 100.570884
-0.232979 101.018208
0.232979 101.018208
-0.230084 101.474658
0.230084 101.474658
-0.227190 101.939213
0.227190 101.939213
-0.224296 102.410919
0.224296 102.410919
-0.221402 102.888885
0.221402 102.888885
-0.218508 103.372282
0.218508 103.372282
-0.215614 103.860332
0.215614 103.860332
-0.212720 104.352312
0.212720 104.352312
-0.209825 104.847546
0.209825 104.847546
-0.206931 105.345402
0.206931 105.345402
-0.204037 105.845289
0.204037 105.845289
-0.201143 106.346653
0.201143 106.346653
-0.198249 106.848973
0.198249 106.848973
-0.195355 107.351762
0.195355 107.351762
-0.192461 107.854558
0.192461 107.854558
-0.189566 108.356928
0.189566 108.356928
-0.186672 108.858462
0.186672 108.858462
-0.183778 109.358771
0.183778 109.358771
-0.180884 109.857485
0.180884 109.857485
-0.177990 110.354255
0.177990 110.354255
-0.175096 110.848745
0.175096 110.848745
-0.172202 111.340636
0.172202 111.340636
-0.169307 111.829622
0.169307 111.829622
-0.166413 112.315410
0.166413 112.315410
-0.163519 112.797719
0.163519 112.797719
-0.160625 113.276276
0.160625 113.276276
-0.157731 113.750820
0.157731 113.750820
-0.154837 114.221097
0.154837 114.221097
-0.151943 114.686863
0.151943 114.686863
-0.149048 115.147880
0.149048 115.147880
-0.146154 115.603917
0.146154 115.603917
-0.143260 116.054750
0.143260 116.054750
-0.140366 116.500160
0.140366 116.500160
-0.137472 116.939933
0.137472 116.939933
-0.134578 117.373862
0.134578 117.373862
-0.131684 117.801743
0.131684 117.801743
-0.128789 118.223377
0.128789 118.223377
-0.125895 118.638569
0.125895 118.638569
-0.123001 119.047128
0.123001 119.047128
-0.120107 119.448868
0.120107 119.448868
-0.117213 119.843605
0.117213 119.843605
-0.114319 120.231159
0.114319 120.231159
-0.111425 120.611354
0.111425 120.611354
-0.108530 120.984016
0.108530 120.984016
-0.105636 121.348976
0.105636 121.348976
-0.102742 121.706068
0.102742 121.706068
-0.099848 122.055127
0.099848 122.055127
-0.096954 122.395993
0.096954 122.395993
-0.094060 122.728511
0.094060 122.728511
-0.091166 123.052525
0.091166 123.052525
-0.088271 123.367886
0.088271 123.367886
-0.085377 123.674446
0.085377 123.674446
-0.082483 123.972061
0.082483 123.972061
-0.079589 124.260592
0.079589 124.260592
-0.076695 124.539901
0.076695 124.539901
-0.073801 124.809856
0.073801 124.809856
-0.070907 125.070326
0.070907 125.070326
-0.068012 125.321187
0.068012 125.321187
-0.065118 125.562316
0.065118 125.562316
-0.062224 125.793596
0.062224 125.793596
-0.059330 126.014913
0.059330 126.014913
-0.056436 126.226158
0.056436 126.226158
-0.053542 126.427226
0.053542 126.427226
-0.050648 126.618017
0.050648 126.618017
-0.047753 126.798435
0.047753 126.798435
-0.044859 126.968388
0.044859 126.968388
-0.041965 127.127791
0.041965 127.127791
-0.039071 127.276563
0.039071 127.276563
-0.036177 127.414626
0.036177 127.414626
-0.033283 127.541911
0.033283 127.541911
-0.030389 127.658351
0.030389 127.658351
-0.027494 127.763886
0.027494 127.763886
-0.024600 127.858461
0.024600 127.858461
-0.021706 127.942027
0.021706 127.942027
-0.018812 128.014540
0.018812 128.014540
-0.015918 128.075961
0.015918 128.075961
-0.013024 128.126260
0.013024 128.126260
-0.010130 128.165408
0.010130 128.165408
-0.007235 128.193386
0.007235 128.193386
-0.004341 128.210179
0.004341 128.210179
-0.001447 128.215778
0.001447 280.706452
0.001447 280.710424
-0.001447 280.710424
0.004341 280.722336
-0.004341 280.722336
0.007235 280.742177
-0.007235 280.742177
0.010130 280.769930
-0.010130 280.769930
0.013024 280.805568
-0.013024 280.805568
0.015918 280.849059
-0.015918 280.849059
0.018812 280.900365
-0.018812 280.900365
0.021706 280.959438
-0.021706 280.959438
0.024600 281.026224
-0.024600 281.026224
0.027494 281.100664
-0.027494 281.100664
0.030389 281.182689
-0.030389 281.182689
0.033283 281.272226
-0.033283 281.272226
0.036177 281.369193
-0.036177 281.369193
0.039071 281.473504
-0.039071 281.473504
0.041965 281.585064
-0.041965 281.585064
0.044859 281.703774
-0.044859 281.703774
0.047753 281.829528
-0.047753 281.829528
0.050648 281.962211
-0.050648 281.962211
0.053542 282.101707
-0.053542 282.101707
0.056436 282.247892
-0.056436 282.247892
0.059330 282.400634
-0.059330 282.400634
0.062224 282.559800
-0.062224 282.559800
0.065118 282.725248
-0.065118 282.725248
0.068012 282.896831
-0.068012 282.896831
0.070907 283.074400
-0.070907 283.074400
0.073801 283.257797
-0.073801 283.257797
0.076695 283.446862
-0.076695 283.446862
0.079589 283.641429
-0.079589 283.641429
0.082483 283.841328
-0.082483 283.841328
0.085377 284.046384
-0.085377 284.046384
0.088271 284.256418
-0.088271 284.256418
0.091166 284.471248
-0.091166 284.471248
0.094060 284.690685
-0.094060 284.690685
0.096954 284.914540
-0.096954 284.914540
0.099848 285.142618
-0.099848 285.142618
0.102742 285.374719
-0.102742 285.374719
0.105636 285.610643
-0.105636 285.610643
0.108530 285.850183
-0.108530 285.850183
0.111425 286.093131
-0.111425 286.093131
0.114319 286.339276
-0.114319 286.339276
0.117213 286.588402
-0.117213 286.588402
0.120107 286.840291
-0.120107 286.840291
0.123001 287.094722
-0.123001 287.094722
0.125895 287.351471
-0.125895 287.351471
0.128789 287.610312
-0.128789 287.610312
0.131684 287.871016
-0.131684 287.871016
0.134578 288.133351
-0.134578 288.133351
0.137472 288.397082
-0.137472 288.397082
0.140366 288.661972
-0.140366 288.661972
0.143260 288.927784
-0.143260 288.927784
0.146154 289.194274
-0.146154 289.194274
0.149048 289.461200
-0.149048 289.461200
0.151943 289.728316
-0.151943 289.728316
0.154837 289.995374
-0.154837 289.995374
0.157731 290.262124
-0.157731 290.262124
0.160625 290.528315
-0.160625 290.528315
0.163519 290.793695
-0.163519 290.793695
0.166413 291.058007
-0.166413 291.058007
0.169307 291.320995
-0.169307 291.320995
0.172202 291.582402
-0.172202 291.582402
0.175096 291.841969
-0.175096 291.841969
0.177990 292.099436
-0.177990 292.099436
0.180884 292.354540
-0.180884 292.354540
0.183778 292.607022
-0.183778 292.607022
0.186672 292.856617
-0.186672 292.856617
0.189566 293.103064
-0.189566 293.103064
0.192461 293.346099
-0.192461 293.346099
0.195355 293.585459
-0.195355 293.585459
0.198249 293.820883
-0.198249 293.820883
0.201143 294.052107
-0.201143 294.052107
0.204037 294.278872
-0.204037 294.278872
0.206931 294.500918
-0.206931 294.500918
0.209825 294.717987
-0.209825 294.717987
0.212720 294.929824
-0.212720 294.929824
0.215614 295.136174
-0.215614 295.136174
0.218508 295.336788
-0.218508 295.336788
0.221402 295.531419
-0.221402 295.531419
0.224296 295.719823
-0.224296 295.719823
0.227190 295.901763
-0.227190 295.901763
0.230084 296.077003
-0.230084 296.077003
0.232979 296.245317
-0.232979 296.245317
0.235873 296.406480
-0.235873 296.406480
0.238767 296.560279
-0.238767 296.560279
0.241661 296.706503
-0.241661 296.706503
0.244555 296.844953
-0.244555 296.844953
0.247449 296.975435
-0.247449 296.975435
0.250343 297.097766
-0.250343 297.097766
0.253238 297.211773
-0.253238 297.211773
0.256132 297.317291
-0.256132 297.317291
0.259026 297.414168
-0.259026 297.414168
0.261920 297.502261
-0.261920 297.502261
0.264814 297.581441
-0.264814 297.581441
0.267708 297.651589
-0.267708 297.651589
0.270602 297.712600
-0.270602 297.712600
0.273497 297.764383
-0.273497 297.764383
0.276391 297.806860
-0.276391 297.806860
0.279285 297.839964
-0.279285 297.839964
0.282179 297.863647
-0.282179 297.863647
0.285073 297.877871
-0.285073 297.877871
0.287967 297.882615
-0.287967 350.230390
-0.287967 350.233472
0.287967 350.233472
-0.285073 350.242711
0.285073 350.242711
-0.282179 350.258090
0.282179 350.258090
-0.279285 350.279577
0.279285 350.279577
-0.276391 350.307133
0.276391 350.307133
-0.273497 350.340702
0.273497 350.340702
-0.270602 350.380221
0.270602 350.380221
-0.267708 350.425613
0.267708 350.425613
-0.264814 350.476792
0.264814 350.476792
-0.261920 350.533661
0.261920 350.533661
-0.259026 350.596115
0.259026 350.596115
-0.256132 350.664037
0.256132 350.664037
-0.253238 350.737303
0.253238 350.737303
-0.250343 350.815781
0.250343 350.815781
-0.247449 350.899329
0.247449 350.899329
-0.244555 350.987800
0.244555 350.987800
-0.241661 351.081042
0.241661 351.081042
-0.238767 351.178892
0.238767 351.178892
-0.235873 351.281188
0.235873 351.281188
-0.232979 351.387758
0.232979 351.387758
-0.230084 351.498429
0.230084 351.498429
-0.227190 351.613024
0.227190 351.613024
-0.224296 351.731361
0.224296 351.731361
-0.221402 351.853257
0.221402 351.853257
-0.218508 351.978528
0.218508 351.978528
-0.215614 352.106987
0.215614 352.106987
-0.212720 352.238447
0.212720 352.238447
-0.209825 352.372720
0.209825 352.372720
-0.206931 352.509617
0.206931 352.509617
-0.204037 352.648950
0.204037 352.648950
-0.201143 352.790533
0.201143 352.790533
-0.198249 352.934179
0.198249 352.934179
-0.195355 353.079703
0.195355 353.079703
-0.192461 353.226921
0.192461 353.226921
-0.189566 353.375653
0.189566 353.375653
-0.186672 353.525718
0.186672 353.525718
-0.183778 353.676940
0.183778 353.676940
-0.180884 353.829143
0.180884 353.829143
-0.177990 353.982156
0.177990 353.982156
-0.175096 354.135810
0.175096 354.135810
-0.172202 354.289938
0.172202 354.289938
-0.169307 354.444377
0.169307 354.444377
-0.166413 354.598967
0.166413 354.598967
-0.163519 354.753551
0.163519 354.753551
-0.160625 354.907975
0.160625 354.907975
-0.157731 355.062091
0.157731 355.062091
-0.154837 355.215749
0.154837 355.215749
-0.151943 355.368809
0.151943 355.368809
-0.149048 355.521129
0.149048 355.521129
-0.146154 355.672573
0.146154 355.672573
-0.143260 355.823009
0.143260 355.823009
-0.140366 355.972307
0.140366 355.972307
-0.137472 356.120340
0.137472 356.120340
-0.134578 356.266987
0.134578 356.266987
-0.131684 356.412128
0.131684 356.412128
-0.128789 356.555648
0.128789 356.555648
-0.125895 356.697433
0.125895 356.697433
-0.123001 356.837376
0.123001 356.837376
-0.120107 356.975370
0.120107 356.975370
-0.117213 357.111313
0.117213 357.111313
-0.114319 357.245105
0.114319 357.245105
-0.111425 357.376650
0.111425 357.376650
-0.108530 357.505856
0.108530 357.505856
-0.105636 357.632632
0.105636 357.632632
-0.102742 357.756891
0.102742 357.756891
-0.099848 357.878550
0.099848 357.878550
-0.096954 357.997527
0.096954 357.997527
-0.094060 358.113744
0.094060 358.113744
-0.091166 358.227127
0.091166 358.227127
-0.088271 358.337602
0.088271 358.337602
-0.085377 358.445100
0.085377 358.445100
-0.082483 358.549555
0.082483 358.549555
-0.079589 358.650901
0.079589 358.650901
-0.076695 358.749077
0.076695 358.749077
-0.073801 358.844024
0.073801 358.844024
-0.070907 358.935686
0.070907 358.935686
-0.068012 359.024009
0.068012 359.024009
-0.065118 359.108941
0.065118 359.108941
-0.062224 359.190433
0.062224 359.190433
-0.059330 359.268439
0.059330 359.268439
-0.056436 359.342914
0.056436 359.342914
-0.053542 359.413817
0.053542 359.413817
-0.050648 359.481107
0.050648 359.481107
-0.047753 359.544748
0.047753 359.544748
-0.044859 359.604705
0.044859 359.604705
-0.041965 359.660945
0.041965 359.660945
-0.039071 359.713438
0.039071 359.713438
-0.036177 359.762154
0.036177 359.762154
-0.033283 359.807069
0.033283 359.807069
-0.030389 359.848158
0.030389 359.848158
-0.027494 359.885399
0.027494 359.885399
-0.024600 359.918772
0.024600 359.918772
-0.021706 359.948261
0.021706 359.948261
-0.018812 359.973849
0.018812 359.973849
-0.015918 359.995523
0.015918 359.995523
-0.013024 360.013271
0.013024 360.013271
-0.010130 360.027085
0.010130 360.027085
-0.007235 360.036957
0.007235 360.036957
-0.004341 360.042883
0.004341 360.042883
-0.001447 360.044858
