###############################################################
#Number of atoms in chain 800
#Number of cells 200
#Short Pt-X force constant 186.000000 N/M
#Long Pt-X force constant 18.600000 N/M
#Short X-X force constant -30.000000 N/M
#Long X-X force constant -30.000000 N/M
#Pt-Pt force constant 50.000000 N/M
#Distance between atom pair 2.327310 x10^-10 M
#Temperature 298.000000 K
#Acoustic MSRD 0.00428416 x10^-20 M^2
#Nu3 Optical MSRD 0.00015592 x10^-20 M^2
#Nu1 Optical MSRD 0.00199817 x10^-20 M^2
#Nu2 Optical MSRD 0.00134759 x10^-20 M^2
#Total MSRD 0.00778584 x10^-20 M^2
###############################################################
0.000000 0.000004
0.001447 0.460161
-0.001447 0.460161
0.004341 0.920033
-0.004341 0.920033
0.007235 1.379330
-0.007235 1.379330
0.010130 1.837764
-0.010130 1.837764
0.013024 2.295049
-0.013024 2.295049
0.015918 2.750898
-0.015918 2.750898
0.018812 3.205028
-0.018812 3.205028
0.021706 3.657157
-0.021706 3.657157
0.024600 4.107003
-0.024600 4.107003
0.027494 4.554288
-0.027494 4.554288
0.030389 4.998736
-0.030389 4.998736
0.033283 5.440073
-0.033283 5.440073
0.036177 5.878029
-0.036177 5.878029
0.039071 6.312334
-0.039071 6.312334
0.041965 6.742726
-0.041965 6.742726
0.044859 7.168944
-0.044859 7.168944
0.047753 7.590730
-0.047753 7.590730
0.050648 8.007833
-0.050648 8.007833
0.053542 8.420003
-0.053542 8.420003
0.056436 8.826998
-0.056436 8.826998
0.059330 9.228579
-0.059330 9.228579
0.062224 9.624513
-0.062224 9.624513
0.065118 10.014571
-0.065118 10.014571
0.068012 10.398532
-0.068012 10.398532
0.070907 10.776178
-0.070907 10.776178
0.073801 11.147301
-0.073801 11.147301
0.076695 11.511695
-0.076695 11.511695
0.079589 11.869165
-0.079589 11.869165
0.082483 12.219520
-0.082483 12.219520
0.085377 12.562578
-0.085377 12.562578
0.088271 12.898163
-0.088271 12.898163
0.091166 13.226108
-0.091166 13.226108
0.094060 13.546252
-0.094060 13.546252
0.096954 13.858445
-0.096954 13.858445
0.099848 14.162544
-0.099848 14.162544
0.102742 14.458414
-0.102742 14.458414
0.105636 14.745930
-0.105636 14.745930
0.108530 15.024976
-0.108530 15.024976
0.111425 15.295445
-0.111425 15.295445
0.114319 15.557241
-0.114319 15.557241
0.117213 15.810277
-0.117213 15.810277
0.120107 16.054476
-0.120107 16.054476
0.123001 16.289771
-0.123001 16.289771
0.125895 16.516108
-0.125895 16.516108
0.128789 16.733443
-0.128789 16.733443
0.131684 16.941741
-0.131684 16.941741
0.134578 17.140981
-0.134578 17.140981
0.137472 17.331155
-0.137472 17.331155
0.140366 17.512263
-0.140366 17.512263
0.143260 17.684320
-0.143260 17.684320
0.146154 17.847353
-0.146154 17.847353
0.149048 18.001403
-0.149048 18.001403
0.151943 18.146521
-0.151943 18.146521
0.154837 18.282774
-0.154837 18.282774
0.157731 18.410242
-0.157731 18.410242
0.160625 18.529018
-0.160625 18.529018
0.163519 18.639208
-0.163519 18.639208
0.166413 18.740934
-0.166413 18.740934
0.169307 18.818526
-0.169307 18.820146
0.172202 18.820146
-0.172202 18.824987
0.175096 18.824987
-0.175096 18.833000
0.177990 18.833000
-0.177990 18.834332
0.180884 18.834332
-0.180884 18.844099
0.183778 18.844099
-0.183778 18.858169
0.186672 18.858169
-0.186672 18.875060
0.189566 18.875060
-0.189566 18.894593
0.192461 18.894593
-0.192461 18.916561
0.195355 18.916561
-0.195355 18.919550
0.198249 18.919550
-0.198249 18.940729
0.201143 18.940729
-0.201143 18.966837
0.204037 18.966837
-0.204037 18.994601
0.206931 18.994601
-0.206931 18.996755
0.209825 18.996755
-0.209825 19.023717
0.212720 19.023717
-0.212720 19.053862
0.215614 19.053862
-0.215614 19.066124
0.218508 19.066124
-0.218508 19.084696
0.221402 19.084696
-0.221402 19.115866
0.224296 19.115866
-0.224296 19.127851
0.227190 19.127851
-0.227190 19.147005
0.230084 19.147005
-0.230084 19.177740
0.232979 19.177740
-0.232979 19.182144
0.235873 19.182144
-0.235873 19.207687
0.238767 19.207687
-0.238767 19.229227
0.241661 19.229227
-0.241661 19.236460
0.244555 19.236460
-0.244555 19.263668
0.247449 19.263668
-0.247449 19.269336
0.250343 19.269336
-0.250343 19.288919
0.253238 19.288919
-0.253238 19.302724
0.256132 19.302724
-0.256132 19.311824
0.259026 19.311824
-0.259026 19.329657
0.261920 19.329657
-0.261920 19.331994
0.264814 19.331994
-0.264814 19.349047
0.267708 19.349047
-0.267708 19.350414
0.270602 19.350414
-0.270602 19.362603
0.273497 19.362603
-0.273497 19.365289
0.276391 19.365289
-0.276391 19.372294
0.279285 19.372294
-0.279285 19.374590
0.282179 19.374590
-0.282179 19.377755
0.285073 19.377755
-0.285073 19.378635
0.287967 19.378635
-0.287967 106.945592
-0.287967 106.952831
0.287967 106.952831
-0.285073 106.974542
0.285073 106.974542
-0.282179 107.010703
0.282179 107.010703
-0.279285 107.061282
0.279285 107.061282
-0.276391 107.126230
0.276391 107.126230
-0.273497 107.205488
0.273497 107.205488
-0.270602 107.298981
0.270602 107.298981
-0.267708 107.406625
0.267708 107.406625
-0.264814 107.528321
0.264814 107.528321
-0.261920 107.663960
0.261920 107.663960
-0.259026 107.813419
0.259026 107.813419
-0.256132 107.976566
0.256132 107.976566
-0.253238 108.153259
0.253238 108.153259
-0.250343 108.343346
0.250343 108.343346
-0.247449 108.546664
0.247449 108.546664
-0.244555 108.763043
0.244555 108.763043
-0.241661 108.992303
0.241661 108.992303
-0.238767 109.234259
0.238767 109.234259
-0.235873 109.488718
0.235873 109.488718
-0.232979 109.755478
0.232979 109.755478
-0.230084 110.034334
0.230084 110.034334
-0.227190 110.325076
0.227190 110.325076
-0.224296 110.627486
0.224296 110.627486
-0.221402 110.941346
0.221402 110.941346
-0.218508 111.266430
0.218508 111.266430
-0.215614 111.602510
0.215614 111.602510
-0.212720 111.949358
0.212720 111.949358
-0.209825 112.306738
0.209825 112.306738
-0.206931 112.674417
0.206931 112.674417
-0.204037 113.052156
0.204037 113.052156
-0.201143 113.439717
0.201143 113.439717
-0.198249 113.836859
0.198249 113.836859
-0.195355 114.243341
0.195355 114.243341
-0.192461 114.658918
0.192461 114.658918
-0.189566 115.083349
0.189566 115.083349
-0.186672 115.516386
0.186672 115.516386
-0.183778 115.957785
0.183778 115.957785
-0.180884 116.407297
0.180884 116.407297
-0.177990 116.864675
0.177990 116.864675
-0.175096 117.329669
0.175096 117.329669
-0.172202 117.802026
0.172202 117.802026
-0.169307 118.281495
0.169307 118.281495
-0.166413 118.767819
0.166413 118.767819
-0.163519 119.260740
0.163519 119.260740
-0.160625 119.759998
0.160625 119.759998
-0.157731 120.265328
0.157731 120.265328
-0.154837 120.776463
0.154837 120.776463
-0.151943 121.293129
0.151943 121.293129
-0.149048 121.815049
0.149048 121.815049
-0.146154 122.341939
0.146154 122.341939
-0.143260 122.873511
0.143260 122.873511
-0.140366 123.409466
0.140366 123.409466
-0.137472 123.949499
0.137472 123.949499
-0.134578 124.493297
0.134578 124.493297
-0.131684 125.040535
0.131684 125.040535
-0.128789 125.590878
0.128789 125.590878
-0.125895 126.143978
0.125895 126.143978
-0.123001 126.699476
0.123001 126.699476
-0.120107 127.256997
0.120107 127.256997
-0.117213 127.816149
0.117213 127.816149
-0.114319 128.376526
0.114319 128.376526
-0.111425 128.937701
0.111425 128.937701
-0.108530 129.499229
0.108530 129.499229
-0.105636 130.060642
0.105636 130.060642
-0.102742 130.621450
0.102742 130.621450
-0.099848 131.181138
0.099848 131.181138
-0.096954 131.739166
0.096954 131.739166
-0.094060 132.294964
0.094060 132.294964
-0.091166 132.847935
0.091166 132.847935
-0.088271 133.397449
0.088271 133.397449
-0.085377 133.942844
0.085377 133.942844
-0.082483 134.483425
0.082483 134.483425
-0.079589 135.018458
0.079589 135.018458
-0.076695 135.547175
0.076695 135.547175
-0.073801 136.068770
0.073801 136.068770
-0.070907 136.582397
0.070907 136.582397
-0.068012 137.087170
0.068012 137.087170
-0.065118 137.582166
0.065118 137.582166
-0.062224 138.066421
0.062224 138.066421
-0.059330 138.538933
0.059330 138.538933
-0.056436 138.998664
0.056436 138.998664
-0.053542 139.444543
0.053542 139.444543
-0.050648 139.875466
0.050648 139.875466
-0.047753 140.290304
0.047753 140.290304
-0.044859 140.687905
0.044859 140.687905
-0.041965 141.067104
0.041965 141.067104
-0.039071 141.426729
0.039071 141.426729
-0.036177 141.765608
0.036177 141.765608
-0.033283 142.082581
0.033283 142.082581
-0.030389 142.376511
0.030389 142.376511
-0.027494 142.646298
0.027494 142.646298
-0.024600 142.890886
0.024600 142.890886
-0.021706 143.109285
0.021706 143.109285
-0.018812 143.300577
0.018812 143.300577
-0.015918 143.463933
0.015918 143.463933
-0.013024 143.598628
0.013024 143.598628
-0.010130 143.704048
0.010130 143.704048
-0.007235 143.779704
0.007235 143.779704
-0.004341 143.825242
0.004341 143.825242
-0.001447 143.840446
0.001447 201.243870
0.001447 201.264050
-0.001447 201.264050
0.004341 201.324513
-0.004341 201.324513
0.007235 201.425035
-0.007235 201.425035
0.010130 201.565245
-0.010130 201.565245
0.013024 201.744632
-0.013024 201.744632
0.015918 201.962557
-0.015918 201.962557
0.018812 202.218261
-0.018812 202.218261
0.021706 202.510874
-0.021706 202.510874
0.024600 202.839434
-0.024600 202.839434
0.027494 203.202898
-0.027494 203.202898
0.030389 203.600155
-0.030389 203.600155
0.033283 204.030039
-0.033283 204.030039
0.036177 204.491346
-0.036177 204.491346
0.039071 204.982841
-0.039071 204.982841
0.041965 205.503272
-0.041965 205.503272
0.044859 206.051381
-0.044859 206.051381
0.047753 206.625910
-0.047753 206.625910
0.050648 207.225612
-0.050648 207.225612
0.053542 207.849255
-0.053542 207.849255
0.056436 208.495628
-0.056436 208.495628
0.059330 209.163547
-0.059330 209.163547
0.062224 209.851855
-0.062224 209.851855
0.065118 210.559429
-0.065118 210.559429
0.068012 211.285176
-0.068012 211.285176
0.070907 212.028041
-0.070907 212.028041
0.073801 212.787000
-0.073801 212.787000
0.076695 213.561065
-0.076695 213.561065
0.079589 214.349284
-0.079589 214.349284
0.082483 215.150736
-0.082483 215.150736
0.085377 215.964534
-0.085377 215.964534
0.088271 216.789820
-0.088271 216.789820
0.091166 217.625770
-0.091166 217.625770
0.094060 218.471584
-0.094060 218.471584
0.096954 219.326492
-0.096954 219.326492
0.099848 220.189748
-0.099848 220.189748
0.102742 221.060629
-0.102742 221.060629
0.105636 221.938437
-0.105636 221.938437
0.108530 222.822490
-0.108530 222.822490
0.111425 223.712128
-0.111425 223.712128
0.114319 224.606707
-0.114319 224.606707
0.117213 225.505600
-0.117213 225.505600
0.120107 226.408192
-0.120107 226.408192
0.123001 227.313882
-0.123001 227.313882
0.125895 228.222080
-0.125895 228.222080
0.128789 229.132205
-0.128789 229.132205
0.131684 230.043685
-0.131684 230.043685
0.134578 230.955957
-0.134578 230.955957
0.137472 231.868460
-0.137472 231.868460
0.140366 232.780640
-0.140366 232.780640
0.143260 233.691945
-0.143260 233.691945
0.146154 234.601827
-0.146154 234.601827
0.149048 235.509736
-0.149048 235.509736
0.151943 236.415125
-0.151943 236.415125
0.154837 237.317442
-0.154837 237.317442
0.157731 238.216134
-0.157731 238.216134
0.160625 239.110646
-0.160625 239.110646
0.163519 240.000415
-0.163519 240.000415
0.166413 240.884875
-0.166413 240.884875
0.169307 241.763449
-0.169307 241.763449
0.172202 242.635557
-0.172202 242.635557
0.175096 243.500606
-0.175096 243.500606
0.177990 244.357995
-0.177990 244.357995
0.180884 245.207111
-0.180884 245.207111
0.183778 246.047328
-0.183778 246.047328
0.186672 246.878011
-0.186672 246.878011
0.189566 247.698506
-0.189566 247.698506
0.192461 248.508149
-0.192461 248.508149
0.195355 249.306258
-0.195355 249.306258
0.198249 250.092135
-0.198249 250.092135
0.201143 250.865067
-0.201143 250.865067
0.204037 251.624325
-0.204037 251.624325
0.206931 252.369160
-0.206931 252.369160
0.209825 253.098808
-0.209825 253.098808
0.212720 253.812487
-0.212720 253.812487
0.215614 254.509400
-0.215614 254.509400
0.218508 255.188731
-0.218508 255.188731
0.221402 255.849651
-0.221402 255.849651
0.224296 256.491317
-0.224296 256.491317
0.227190 257.112871
-0.227190 257.112871
0.230084 257.713448
-0.230084 257.713448
0.232979 258.292171
-0.232979 258.292171
0.235873 258.848160
-0.235873 258.848160
0.238767 259.380533
-0.238767 259.380533
0.241661 259.888406
-0.241661 259.888406
0.244555 260.370905
-0.244555 260.370905
0.247449 260.827162
-0.247449 260.827162
0.250343 261.256326
-0.250343 261.256326
0.253238 261.657567
-0.253238 261.657567
0.256132 262.030081
-0.256132 262.030081
0.259026 262.373094
-0.259026 262.373094
0.261920 262.685874
-0.261920 262.685874
0.264814 262.967733
-0.264814 262.967733
0.267708 263.218033
-0.267708 263.218033
0.270602 263.436196
-0.270602 263.436196
0.273497 263.621704
-0.273497 263.621704
0.276391 263.774113
-0.276391 263.774113
0.279285 263.893048
-0.279285 263.893048
0.282179 263.978215
-0.282179 263.978215
0.285073 264.029402
-0.285073 264.029402
0.287967 264.046478
-0.287967 332.624068
-0.287967 332.635387
0.287967 332.635387
-0.285073 332.669303
0.285073 332.669303
-0.282179 332.725692
0.282179 332.725692
-0.279285 332.804350
0.279285 332.804350
-0.276391 332.904993
0.276391 332.904993
-0.273497 333.027263
0.273497 333.027263
-0.270602 333.170733
0.270602 333.170733
-0.267708 333.334907
0.267708 333.334907
-0.264814 333.519233
0.264814 333.519233
-0.261920 333.723101
0.261920 333.723101
-0.259026 333.945856
0.259026 333.945856
-0.256132 334.186799
0.256132 334.186799
-0.253238 334.445197
0.253238 334.445197
-0.250343 334.720290
0.250343 334.720290
-0.247449 335.011292
0.247449 335.011292
-0.244555 335.317403
0.244555 335.317403
-0.241661 335.637809
0.241661 335.637809
-0.238767 335.971692
0.238767 335.971692
-0.235873 336.318231
0.235873 336.318231
-0.232979 336.676609
0.232979 336.676609
-0.230084 337.046013
0.230084 337.046013
-0.227190 337.425643
0.227190 337.425643
-0.224296 337.814708
0.224296 337.814708
-0.221402 338.212434
0.221402 338.212434
-0.218508 338.618064
0.218508 338.618064
-0.215614 339.030858
0.215614 339.030858
-0.212720 339.450096
0.212720 339.450096
-0.209825 339.875081
0.209825 339.875081
-0.206931 340.305136
0.206931 340.305136
-0.204037 340.739605
0.204037 340.739605
-0.201143 341.177855
0.201143 341.177855
-0.198249 341.619278
0.198249 341.619278
-0.195355 342.063284
0.195355 342.063284
-0.192461 342.509307
0.192461 342.509307
-0.189566 342.956804
0.189566 342.956804
-0.186672 343.405252
0.186672 343.405252
-0.183778 343.854149
0.183778 343.854149
-0.180884 344.303013
0.180884 344.303013
-0.177990 344.751382
0.177990 344.751382
-0.175096 345.198813
0.175096 345.198813
-0.172202 345.644883
0.172202 345.644883
-0.169307 346.089184
0.169307 346.089184
-0.166413 346.531329
0.166413 346.531329
-0.163519 346.970943
0.163519 346.970943
-0.160625 347.407670
0.160625 347.407670
-0.157731 347.841168
0.157731 347.841168
-0.154837 348.271111
0.154837 348.271111
-0.151943 348.697186
0.151943 348.697186
-0.149048 349.119093
0.149048 349.119093
-0.146154 349.536544
0.146154 349.536544
-0.143260 349.949267
0.143260 349.949267
-0.140366 350.356998
0.140366 350.356998
-0.137472 350.759486
0.137472 350.759486
-0.134578 351.156490
0.134578 351.156490
-0.131684 351.547780
0.131684 351.547780
-0.128789 351.933135
0.128789 351.933135
-0.125895 352.312345
0.125895 352.312345
-0.123001 352.685207
0.123001 352.685207
-0.120107 353.051529
0.120107 353.051529
-0.117213 353.411124
0.117213 353.411124
-0.114319 353.763817
0.114319 353.763817
-0.111425 354.109437
0.111425 354.109437
-0.108530 354.447822
0.108530 354.447822
-0.105636 354.778817
0.105636 354.778817
-0.102742 355.102275
0.102742 355.102275
-0.099848 355.418052
0.099848 355.418052
-0.096954 355.726013
0.096954 355.726013
-0.094060 356.026028
0.094060 356.026028
-0.091166 356.317974
0.091166 356.317974
-0.088271 356.601732
0.088271 356.601732
-0.085377 356.877189
0.085377 356.877189
-0.082483 357.144237
0.082483 357.144237
-0.079589 357.402773
0.079589 357.402773
-0.076695 357.652701
0.076695 357.652701
-0.073801 357.893925
0.073801 357.893925
-0.070907 358.126358
0.070907 358.126358
-0.068012 358.349916
0.068012 358.349916
-0.065118 358.564518
0.065118 358.564518
-0.062224 358.770089
0.062224 358.770089
-0.059330 358.966557
0.059330 358.966557
-0.056436 359.153854
0.056436 359.153854
-0.053542 359.331917
0.053542 359.331917
-0.050648 359.500685
0.050648 359.500685
-0.047753 359.660102
0.047753 359.660102
-0.044859 359.810115
0.044859 359.810115
-0.041965 359.950675
0.041965 359.950675
-0.039071 360.081736
0.039071 360.081736
-0.036177 360.203256
0.036177 360.203256
-0.033283 360.315196
0.033283 360.315196
-0.030389 360.417520
0.030389 360.417520
-0.027494 360.510196
0.027494 360.510196
-0.024600 360.593194
0.024600 360.593194
-0.021706 360.666488
0.021706 360.666488
-0.018812 360.730056
0.018812 360.730056
-0.015918 360.783878
0.015918 360.783878
-0.013024 360.827936
0.013024 360.827936
-0.010130 360.862218
0.010130 360.862218
-0.007235 360.886713
0.007235 360.886713
-0.004341 360.901412
0.004341 360.901412
-0.001447 360.906313
