###############################################################
#Number of atoms in chain 800
#Number of cells 200
#Short Pt-X force constant 186.000000 N/M
#Long Pt-X force constant 18.600000 N/M
#Short X-X force constant 20.000000 N/M
#Long X-X force constant 20.000000 N/M
#Pt-Pt force constant 23.000000 N/M
#Distance between atom pair 2.327310 x10^-10 M
#Temperature 298.000000 K
#Acoustic MSRD 9.37655e-05 x10^-20 M^2
#Nu3 Optical MSRD 3.48964e-05 x10^-20 M^2
#Nu1 Optical MSRD 0.00110904 x10^-20 M^2
#Nu2 Optical MSRD 0.00108359 x10^-20 M^2
#Total MSRD 0.00232128 x10^-20 M^2
###############################################################
0.000000 0.000005
0.001447 1.123833
-0.001447 1.123833
0.004341 2.247505
-0.004341 2.247505
0.007235 3.370852
-0.007235 3.370852
0.010130 4.493713
-0.010130 4.493713
0.013024 5.615925
-0.013024 5.615925
0.015918 6.737327
-0.015918 6.737327
0.018812 7.857757
-0.018812 7.857757
0.021706 8.977054
-0.021706 8.977054
0.024600 10.095054
-0.024600 10.095054
0.027494 11.211598
-0.027494 11.211598
0.030389 12.326523
-0.030389 12.326523
0.033283 13.439669
-0.033283 13.439669
0.036177 14.550875
-0.036177 14.550875
0.039071 15.659980
-0.039071 15.659980
0.041965 16.766823
-0.041965 16.766823
0.044859 17.871244
-0.044859 17.871244
0.047753 18.973084
-0.047753 18.973084
0.050648 20.072182
-0.050648 20.072182
0.053542 21.168380
-0.053542 21.168380
0.056436 22.261518
-0.056436 22.261518
0.059330 23.351438
-0.059330 23.351438
0.062224 24.437981
-0.062224 24.437981
0.065118 25.520990
-0.065118 25.520990
0.068012 26.600306
-0.068012 26.600306
0.070907 27.675774
-0.070907 27.675774
0.073801 28.747235
-0.073801 28.747235
0.076695 29.814534
-0.076695 29.814534
0.079589 30.877516
-0.079589 30.877516
0.082483 31.936024
-0.082483 31.936024
0.085377 32.989905
-0.085377 32.989905
0.088271 34.039003
-0.088271 34.039003
0.091166 35.083165
-0.091166 35.083165
0.094060 36.122237
-0.094060 36.122237
0.096954 37.156067
-0.096954 37.156067
0.099848 38.184503
-0.099848 38.184503
0.102742 39.207391
-0.102742 39.207391
0.105636 40.224582
-0.105636 40.224582
0.108530 41.235925
-0.108530 41.235925
0.111425 42.241268
-0.111425 42.241268
0.114319 43.240462
-0.114319 43.240462
0.117213 44.233358
-0.117213 44.233358
0.120107 45.219806
-0.120107 45.219806
0.123001 46.199658
-0.123001 46.199658
0.125895 47.172764
-0.125895 47.172764
0.128789 48.138978
-0.128789 48.138978
0.131684 49.098150
-0.131684 49.098150
0.134578 50.050133
-0.134578 50.050133
0.137472 50.994778
-0.137472 50.994778
0.140366 51.931938
-0.140366 51.931938
0.143260 52.861463
-0.143260 52.861463
0.146154 53.783205
-0.146154 53.783205
0.149048 54.697015
-0.149048 54.697015
0.151943 55.602742
-0.151943 55.602742
0.154837 56.500234
-0.154837 56.500234
0.157731 57.389339
-0.157731 57.389339
0.160625 58.269902
-0.160625 58.269902
0.163519 59.141767
-0.163519 59.141767
0.166413 60.004775
-0.166413 60.004775
0.169307 60.858765
-0.169307 60.858765
0.172202 61.703571
-0.172202 61.703571
0.175096 62.539024
-0.175096 62.539024
0.177990 63.364951
-0.177990 63.364951
0.180884 64.181172
-0.180884 64.181172
0.183778 64.987501
-0.183778 64.987501
0.186672 65.783746
-0.186672 65.783746
0.189566 66.569706
-0.189566 66.569706
0.192461 67.345168
-0.192461 67.345168
0.195355 68.109910
-0.195355 68.109910
0.198249 68.863695
-0.198249 68.863695
0.201143 69.606273
-0.201143 69.606273
0.204037 70.337375
-0.204037 70.337375
0.206931 71.056711
-0.206931 71.056711
0.209825 71.763970
-0.209825 71.763970
0.212720 72.458813
-0.212720 72.458813
0.215614 73.140870
-0.215614 73.140870
0.218508 73.809737
-0.218508 73.809737
0.221402 74.464968
-0.221402 74.464968
0.224296 75.106073
-0.224296 75.106073
0.227190 75.732506
-0.227190 75.732506
0.230084 76.343662
-0.230084 76.343662
0.232979 76.938867
-0.232979 76.938867
0.235873 77.517365
-0.235873 77.517365
0.238767 78.078313
-0.238767 78.078313
0.241661 78.620767
-0.241661 78.620767
0.244555 79.143667
-0.244555 79.143667
0.247449 79.645831
-0.247449 79.645831
0.250343 80.125936
-0.250343 80.125936
0.253238 80.582515
-0.253238 80.582515
0.256132 81.013940
-0.256132 81.013940
0.259026 81.418431
-0.259026 81.418431
0.261920 81.794048
-0.261920 81.794048
0.264814 82.138715
-0.264814 82.138715
0.267708 82.450247
-0.267708 82.450247
0.270602 82.726390
-0.270602 82.726390
0.273497 82.964894
-0.273497 82.964894
0.276391 83.163587
-0.276391 83.163587
0.279285 83.320481
-0.279285 83.320481
0.282179 83.433876
-0.282179 83.433876
0.285073 83.502464
-0.285073 83.502464
0.287967 83.525421
-0.287967 97.805457
-0.287967 97.819693
0.287967 97.819693
-0.285073 97.862123
0.285073 97.862123
-0.282179 97.931930
0.282179 97.931930
-0.279285 98.027821
0.279285 98.027821
-0.276391 98.148115
0.276391 98.148115
-0.273497 98.290847
0.273497 98.290847
-0.270602 98.453879
0.270602 98.453879
-0.267708 98.634994
0.267708 98.634994
-0.264814 98.831980
0.264814 98.831980
-0.261920 99.042700
0.261920 99.042700
-0.259026 99.265127
0.259026 99.265127
-0.256132 99.497382
0.256132 99.497382
-0.253238 99.737744
0.253238 99.737744
-0.250343 99.984655
0.250343 99.984655
-0.247449 100.236718
0.247449 100.236718
-0.244555 100.492691
0.244555 100.492691
-0.241661 100.751471
0.241661 100.751471
-0.238767 101.012088
0.238767 101.012088
-0.235873 101.273689
0.235873 101.273689
-0.232979 101.535527
0.232979 101.535527
-0.230084 101.796949
0.230084 101.796949
-0.227190 102.057385
0.227190 102.057385
-0.224296 102.316340
0.224296 102.316340
-0.221402 102.573384
0.221402 102.573384
-0.218508 102.828143
0.218508 102.828143
-0.215614 103.080295
0.215614 103.080295
-0.212720 103.329561
0.212720 103.329561
-0.209825 103.575703
0.209825 103.575703
-0.206931 103.818514
0.206931 103.818514
-0.204037 104.057820
0.204037 104.057820
-0.201143 104.293474
0.201143 104.293474
-0.198249 104.525349
0.198249 104.525349
-0.195355 104.753343
0.195355 104.753343
-0.192461 104.977369
0.192461 104.977369
-0.189566 105.197358
0.189566 105.197358
-0.186672 105.413255
0.186672 105.413255
-0.183778 105.625016
0.183778 105.625016
-0.180884 105.832610
0.180884 105.832610
-0.177990 106.036016
0.177990 106.036016
-0.175096 106.235221
0.175096 106.235221
-0.172202 106.430219
0.172202 106.430219
-0.169307 106.621012
0.169307 106.621012
-0.166413 106.807608
0.166413 106.807608
-0.163519 106.990019
0.163519 106.990019
-0.160625 107.168263
0.160625 107.168263
-0.157731 107.342361
0.157731 107.342361
-0.154837 107.512340
0.154837 107.512340
-0.151943 107.678226
0.151943 107.678226
-0.149048 107.840052
0.149048 107.840052
-0.146154 107.997851
0.146154 107.997851
-0.143260 108.151657
0.143260 108.151657
-0.140366 108.301509
0.140366 108.301509
-0.137472 108.447444
0.137472 108.447444
-0.134578 108.589501
0.134578 108.589501
-0.131684 108.727723
0.131684 108.727723
-0.128789 108.862149
0.128789 108.862149
-0.125895 108.992821
0.125895 108.992821
-0.123001 109.119783
0.123001 109.119783
-0.120107 109.243075
0.120107 109.243075
-0.117213 109.362741
0.117213 109.362741
-0.114319 109.478824
0.114319 109.478824
-0.111425 109.591364
0.111425 109.591364
-0.108530 109.700405
0.108530 109.700405
-0.105636 109.805987
0.105636 109.805987
-0.102742 109.908153
0.102742 109.908153
-0.099848 110.006942
0.099848 110.006942
-0.096954 110.102395
0.096954 110.102395
-0.094060 110.194551
0.094060 110.194551
-0.091166 110.283448
0.091166 110.283448
-0.088271 110.369125
0.088271 110.369125
-0.085377 110.451618
0.085377 110.451618
-0.082483 110.530964
0.082483 110.530964
-0.079589 110.607197
0.079589 110.607197
-0.076695 110.680351
0.076695 110.680351
-0.073801 110.750460
0.073801 110.750460
-0.070907 110.817556
0.070907 110.817556
-0.068012 110.881669
0.068012 110.881669
-0.065118 110.942830
0.065118 110.942830
-0.062224 111.001068
0.062224 111.001068
-0.059330 111.056409
0.059330 111.056409
-0.056436 111.108880
0.056436 111.108880
-0.053542 111.158507
0.053542 111.158507
-0.050648 111.205313
0.050648 111.205313
-0.047753 111.249322
0.047753 111.249322
-0.044859 111.290555
0.044859 111.290555
-0.041965 111.329031
0.041965 111.329031
-0.039071 111.364771
0.039071 111.364771
-0.036177 111.397792
0.036177 111.397792
-0.033283 111.428110
0.033283 111.428110
-0.030389 111.455741
0.030389 111.455741
-0.027494 111.480698
0.027494 111.480698
-0.024600 111.502994
0.024600 111.502994
-0.021706 111.522641
0.021706 111.522641
-0.018812 111.539647
0.018812 111.539647
-0.015918 111.554023
0.015918 111.554023
-0.013024 111.565775
0.013024 111.565775
-0.010130 111.574909
0.010130 111.574909
-0.007235 111.581431
0.007235 111.581431
-0.004341 111.585342
0.004341 111.585342
-0.001447 111.586645
0.001447 342.570894
0.001447 342.574001
-0.001447 342.574001
0.004341 342.583320
-0.004341 342.583320
0.007235 342.598846
-0.007235 342.598846
0.010130 342.620567
-0.010130 342.620567
0.013024 342.648470
-0.013024 342.648470
0.015918 342.682536
-0.015918 342.682536
0.018812 342.722743
-0.018812 342.722743
0.021706 342.769066
-0.021706 342.769066
0.024600 342.821474
-0.024600 342.821474
0.027494 342.879933
-0.027494 342.879933
0.030389 342.944405
-0.030389 342.944405
0.033283 343.014848
-0.033283 343.014848
0.036177 343.091218
-0.036177 343.091218
0.039071 343.173465
-0.039071 343.173465
0.041965 343.261536
-0.041965 343.261536
0.044859 343.355375
-0.044859 343.355375
0.047753 343.454922
-0.047753 343.454922
0.050648 343.560114
-0.050648 343.560114
0.053542 343.670884
-0.053542 343.670884
0.056436 343.787163
-0.056436 343.787163
0.059330 343.908876
-0.059330 343.908876
0.062224 344.035948
-0.062224 344.035948
0.065118 344.168300
-0.065118 344.168300
0.068012 344.305848
-0.068012 344.305848
0.070907 344.448508
-0.070907 344.448508
0.073801 344.596192
-0.073801 344.596192
0.076695 344.748809
-0.076695 344.748809
0.079589 344.906266
-0.079589 344.906266
0.082483 345.068466
-0.082483 345.068466
0.085377 345.235311
-0.085377 345.235311
0.088271 345.406700
-0.088271 345.406700
0.091166 345.582530
-0.091166 345.582530
0.094060 345.762696
-0.094060 345.762696
0.096954 345.947089
-0.096954 345.947089
0.099848 346.135601
-0.099848 346.135601
0.102742 346.328118
-0.102742 346.328118
0.105636 346.524528
-0.105636 346.524528
0.108530 346.724715
-0.108530 346.724715
0.111425 346.928562
-0.111425 346.928562
0.114319 347.135948
-0.114319 347.135948
0.117213 347.346753
-0.117213 347.346753
0.120107 347.560853
-0.120107 347.560853
0.123001 347.778125
-0.123001 347.778125
0.125895 347.998442
-0.125895 347.998442
0.128789 348.221675
-0.128789 348.221675
0.131684 348.447695
-0.131684 348.447695
0.134578 348.676371
-0.134578 348.676371
0.137472 348.907569
-0.137472 348.907569
0.140366 349.141154
-0.140366 349.141154
0.143260 349.376990
-0.143260 349.376990
0.146154 349.614937
-0.146154 349.614937
0.149048 349.854855
-0.149048 349.854855
0.151943 350.096601
-0.151943 350.096601
0.154837 350.340029
-0.154837 350.340029
0.157731 350.584993
-0.157731 350.584993
0.160625 350.831343
-0.160625 350.831343
0.163519 351.078924
-0.163519 351.078924
0.166413 351.327583
-0.166413 351.327583
0.169307 351.577158
-0.169307 351.577158
0.172202 351.827489
-0.172202 351.827489
0.175096 352.078407
-0.175096 352.078407
0.177990 352.329742
-0.177990 352.329742
0.180884 352.581319
-0.180884 352.581319
0.183778 352.832955
-0.183778 352.832955
0.186672 353.084464
-0.186672 353.084464
0.189566 353.335652
-0.189566 353.335652
0.192461 353.586320
-0.192461 353.586320
0.195355 353.836256
-0.195355 353.836256
0.198249 354.085245
-0.198249 354.085245
0.201143 354.333059
-0.201143 354.333059
0.204037 354.579457
-0.204037 354.579457
0.206931 354.824191
-0.206931 354.824191
0.209825 355.066995
-0.209825 355.066995
0.212720 355.307589
-0.212720 355.307589
0.215614 355.545677
-0.215614 355.545677
0.218508 355.780944
-0.218508 355.780944
0.221402 356.013056
-0.221402 356.013056
0.224296 356.241654
-0.224296 356.241654
0.227190 356.466356
-0.227190 356.466356
0.230084 356.686755
-0.230084 356.686755
0.232979 356.902412
-0.232979 356.902412
0.235873 357.112858
-0.235873 357.112858
0.238767 357.317592
-0.238767 357.317592
0.241661 357.516077
-0.241661 357.516077
0.244555 357.707742
-0.244555 357.707742
0.247449 357.891976
-0.247449 357.891976
0.250343 358.068135
-0.250343 358.068135
0.253238 358.235538
-0.253238 358.235538
0.256132 358.393474
-0.256132 358.393474
0.259026 358.541207
-0.259026 358.541207
0.261920 358.677981
-0.261920 358.677981
0.264814 358.803031
-0.264814 358.803031
0.267708 358.915600
-0.267708 358.915600
0.270602 359.014948
-0.270602 359.014948
0.273497 359.100378
-0.273497 359.100378
0.276391 359.171248
-0.276391 359.171248
0.279285 359.226998
-0.279285 359.226998
0.282179 359.267167
-0.282179 359.267167
0.285073 359.291410
-0.285073 359.291410
0.287967 359.299515
-0.287967 369.109249
-0.287967 369.115822
0.287967 369.115822
-0.285073 369.135469
0.285073 369.135469
-0.282179 369.167982
0.282179 369.167982
-0.279285 369.213024
0.279285 369.213024
-0.276391 369.270143
0.276391 369.270143
-0.273497 369.338788
0.273497 369.338788
-0.270602 369.418336
0.270602 369.418336
-0.267708 369.508103
0.267708 369.508103
-0.264814 369.607371
0.264814 369.607371
-0.261920 369.715403
0.261920 369.715403
-0.259026 369.831460
0.259026 369.831460
-0.256132 369.954815
0.256132 369.954815
-0.253238 370.084759
0.253238 370.084759
-0.250343 370.220615
0.250343 370.220615
-0.247449 370.361737
0.247449 370.361737
-0.244555 370.507517
0.244555 370.507517
-0.241661 370.657385
0.241661 370.657385
-0.238767 370.810813
0.238767 370.810813
-0.235873 370.967308
0.235873 370.967308
-0.232979 371.126415
0.232979 371.126415
-0.230084 371.287716
0.230084 371.287716
-0.227190 371.450826
0.227190 371.450826
-0.224296 371.615388
0.224296 371.615388
-0.221402 371.781079
0.221402 371.781079
-0.218508 371.947600
0.218508 371.947600
-0.215614 372.114676
0.215614 372.114676
-0.212720 372.282056
0.212720 372.282056
-0.209825 372.449509
0.209825 372.449509
-0.206931 372.616823
0.206931 372.616823
-0.204037 372.783804
0.204037 372.783804
-0.201143 372.950271
0.201143 372.950271
-0.198249 373.116060
0.198249 373.116060
-0.195355 373.281020
0.195355 373.281020
-0.192461 373.445009
0.192461 373.445009
-0.189566 373.607898
0.189566 373.607898
-0.186672 373.769568
0.186672 373.769568
-0.183778 373.929908
0.183778 373.929908
-0.180884 374.088816
0.180884 374.088816
-0.177990 374.246197
0.177990 374.246197
-0.175096 374.401963
0.175096 374.401963
-0.172202 374.556031
0.172202 374.556031
-0.169307 374.708327
0.169307 374.708327
-0.166413 374.858778
0.166413 374.858778
-0.163519 375.007320
0.163519 375.007320
-0.160625 375.153891
0.160625 375.153891
-0.157731 375.298433
0.157731 375.298433
-0.154837 375.440894
0.154837 375.440894
-0.151943 375.581223
0.151943 375.581223
-0.149048 375.719373
0.149048 375.719373
-0.146154 375.855301
0.146154 375.855301
-0.143260 375.988966
0.143260 375.988966
-0.140366 376.120330
0.140366 376.120330
-0.137472 376.249357
0.137472 376.249357
-0.134578 376.376013
0.134578 376.376013
-0.131684 376.500267
0.131684 376.500267
-0.128789 376.622088
0.128789 376.622088
-0.125895 376.741450
0.125895 376.741450
-0.123001 376.858327
0.123001 376.858327
-0.120107 376.972693
0.120107 376.972693
-0.117213 377.084525
0.117213 377.084525
-0.114319 377.193803
0.114319 377.193803
-0.111425 377.300506
0.111425 377.300506
-0.108530 377.404614
0.108530 377.404614
-0.105636 377.506110
0.105636 377.506110
-0.102742 377.604977
0.102742 377.604977
-0.099848 377.701200
0.099848 377.701200
-0.096954 377.794762
0.096954 377.794762
-0.094060 377.885650
0.094060 377.885650
-0.091166 377.973852
0.091166 377.973852
-0.088271 378.059354
0.088271 378.059354
-0.085377 378.142145
0.085377 378.142145
-0.082483 378.222215
0.082483 378.222215
-0.079589 378.299552
0.079589 378.299552
-0.076695 378.374148
0.076695 378.374148
-0.073801 378.445993
0.073801 378.445993
-0.070907 378.515079
0.070907 378.515079
-0.068012 378.581398
0.068012 378.581398
-0.065118 378.644943
0.065118 378.644943
-0.062224 378.705707
0.062224 378.705707
-0.059330 378.763683
0.059330 378.763683
-0.056436 378.818865
0.056436 378.818865
-0.053542 378.871248
0.053542 378.871248
-0.050648 378.920827
0.050648 378.920827
-0.047753 378.967596
0.047753 378.967596
-0.044859 379.011552
0.044859 379.011552
-0.041965 379.052690
0.041965 379.052690
-0.039071 379.091006
0.039071 379.091006
-0.036177 379.126498
0.036177 379.126498
-0.033283 379.159161
0.033283 379.159161
-0.030389 379.188994
0.030389 379.188994
-0.027494 379.215992
0.027494 379.215992
-0.024600 379.240155
0.024600 379.240155
-0.021706 379.261480
0.021706 379.261480
-0.018812 379.279965
0.018812 379.279965
-0.015918 379.295609
0.015918 379.295609
-0.013024 379.308410
0.013024 379.308410
-0.010130 379.318367
0.010130 379.318367
-0.007235 379.325480
0.007235 379.325480
-0.004341 379.329749
0.004341 379.329749
-0.001447 379.331171
