###############################################################
#Number of atoms in chain 800
#Number of cells 200
#Short Pt-X force constant 186.000000 N/M
#Long Pt-X force constant 18.600000 N/M
#Short X-X force constant -20.000000 N/M
#Long X-X force constant -20.000000 N/M
#Pt-Pt force constant 23.000000 N/M
#Distance between atom pair 2.327310 x10^-10 M
#Temperature 298.000000 K
#Acoustic MSRD 0.00272955 x10^-20 M^2
#Nu3 Optical MSRD 7.2405e-05 x10^-20 M^2
#Nu1 Optical MSRD 0.0016237 x10^-20 M^2
#Nu2 Optical MSRD 0.00133872 x10^-20 M^2
#Total MSRD 0.00576438 x10^-20 M^2
###############################################################
0.000000 0.000001
0.001447 0.194155
-0.001447 0.194155
0.004341 0.388254
-0.004341 0.388254
0.007235 0.582242
-0.007235 0.582242
0.010130 0.776064
-0.010130 0.776064
0.013024 0.969665
-0.013024 0.969665
0.015918 1.162988
-0.015918 1.162988
0.018812 1.355979
-0.018812 1.355979
0.021706 1.548582
-0.021706 1.548582
0.024600 1.740743
-0.024600 1.740743
0.027494 1.932407
-0.027494 1.932407
0.030389 2.123519
-0.030389 2.123519
0.033283 2.314024
-0.033283 2.314024
0.036177 2.503868
-0.036177 2.503868
0.039071 2.692998
-0.039071 2.692998
0.041965 2.881359
-0.041965 2.881359
0.044859 3.068897
-0.044859 3.068897
0.047753 3.255559
-0.047753 3.255559
0.050648 3.441292
-0.050648 3.441292
0.053542 3.626044
-0.053542 3.626044
0.056436 3.809761
-0.056436 3.809761
0.059330 3.992393
-0.059330 3.992393
0.062224 4.173886
-0.062224 4.173886
0.065118 4.354190
-0.065118 4.354190
0.068012 4.533254
-0.068012 4.533254
0.070907 4.711027
-0.070907 4.711027
0.073801 4.887460
-0.073801 4.887460
0.076695 5.062502
-0.076695 5.062502
0.079589 5.236106
-0.079589 5.236106
0.082483 5.408221
-0.082483 5.408221
0.085377 5.578801
-0.085377 5.578801
0.088271 5.747799
-0.088271 5.747799
0.091166 5.915167
-0.091166 5.915167
0.094060 6.080859
-0.094060 6.080859
0.096954 6.244830
-0.096954 6.244830
0.099848 6.407036
-0.099848 6.407036
0.102742 6.567432
-0.102742 6.567432
0.105636 6.725975
-0.105636 6.725975
0.108530 6.882623
-0.108530 6.882623
0.111425 7.037334
-0.111425 7.037334
0.114319 7.190067
-0.114319 7.190067
0.117213 7.340783
-0.117213 7.340783
0.120107 7.489442
-0.120107 7.489442
0.123001 7.636007
-0.123001 7.636007
0.125895 7.780439
-0.125895 7.780439
0.128789 7.922704
-0.128789 7.922704
0.131684 8.062766
-0.131684 8.062766
0.134578 8.200591
-0.134578 8.200591
0.137472 8.336146
-0.137472 8.336146
0.140366 8.469399
-0.140366 8.469399
0.143260 8.600320
-0.143260 8.600320
0.146154 8.728878
-0.146154 8.728878
0.149048 8.855047
-0.149048 8.855047
0.151943 8.978798
-0.151943 8.978798
0.154837 9.100107
-0.154837 9.100107
0.157731 9.218947
-0.157731 9.218947
0.160625 9.335297
-0.160625 9.335297
0.163519 9.449133
-0.163519 9.449133
0.166413 9.560436
-0.166413 9.560436
0.169307 9.669187
-0.169307 9.669187
0.172202 9.775367
-0.172202 9.775367
0.175096 9.878959
-0.175096 9.878959
0.177990 9.979950
-0.177990 9.979950
0.180884 10.078324
-0.180884 10.078324
0.183778 10.174070
-0.183778 10.174070
0.186672 10.267176
-0.186672 10.267176
0.189566 10.357633
-0.189566 10.357633
0.192461 10.445433
-0.192461 10.445433
0.195355 10.530568
-0.195355 10.530568
0.198249 10.613032
-0.198249 10.613032
0.201143 10.692822
-0.201143 10.692822
0.204037 10.769934
-0.204037 10.769934
0.206931 10.844366
-0.206931 10.844366
0.209825 10.916118
-0.209825 10.916118
0.212720 10.985189
-0.212720 10.985189
0.215614 11.051580
-0.215614 11.051580
0.218508 11.115295
-0.218508 11.115295
0.221402 11.176335
-0.221402 11.176335
0.224296 11.234706
-0.224296 11.234706
0.227190 11.290412
-0.227190 11.290412
0.230084 11.343458
-0.230084 11.343458
0.232979 11.393851
-0.232979 11.393851
0.235873 11.441597
-0.235873 11.441597
0.238767 11.486703
-0.238767 11.486703
0.241661 11.529176
-0.241661 11.529176
0.244555 11.569024
-0.244555 11.569024
0.247449 11.606256
-0.247449 11.606256
0.250343 11.640877
-0.250343 11.640877
0.253238 11.672897
-0.253238 11.672897
0.256132 11.702323
-0.256132 11.702323
0.259026 11.729162
-0.259026 11.729162
0.261920 11.753421
-0.261920 11.753421
0.264814 11.775108
-0.264814 11.775108
0.267708 11.794227
-0.267708 11.794227
0.270602 11.810785
-0.270602 11.810785
0.273497 11.824787
-0.273497 11.824787
0.276391 11.836237
-0.276391 11.836237
0.279285 11.845138
-0.279285 11.845138
0.282179 11.851494
-0.282179 11.851494
0.285073 11.855307
-0.285073 11.855307
0.287967 11.856578
-0.287967 82.690551
-0.287967 82.697462
0.287967 82.697462
-0.285073 82.718187
0.285073 82.718187
-0.282179 82.752705
0.282179 82.752705
-0.279285 82.800981
0.279285 82.800981
-0.276391 82.862963
0.276391 82.862963
-0.273497 82.938589
0.273497 82.938589
-0.270602 83.027781
0.270602 83.027781
-0.267708 83.130446
0.267708 83.130446
-0.264814 83.246480
0.264814 83.246480
-0.261920 83.375763
0.261920 83.375763
-0.259026 83.518165
0.259026 83.518165
-0.256132 83.673541
0.256132 83.673541
-0.253238 83.841733
0.253238 83.841733
-0.250343 84.022573
0.250343 84.022573
-0.247449 84.215878
0.247449 84.215878
-0.244555 84.421456
0.244555 84.421456
-0.241661 84.639103
0.241661 84.639103
-0.238767 84.868603
0.238767 84.868603
-0.235873 85.109731
0.235873 85.109731
-0.232979 85.362250
0.232979 85.362250
-0.230084 85.625916
0.230084 85.625916
-0.227190 85.900472
0.227190 85.900472
-0.224296 86.185654
0.224296 86.185654
-0.221402 86.481190
0.221402 86.481190
-0.218508 86.786797
0.218508 86.786797
-0.215614 87.102186
0.215614 87.102186
-0.212720 87.427061
0.212720 87.427061
-0.209825 87.761115
0.209825 87.761115
-0.206931 88.104039
0.206931 88.104039
-0.204037 88.455513
0.204037 88.455513
-0.201143 88.815213
0.201143 88.815213
-0.198249 89.182808
0.198249 89.182808
-0.195355 89.557961
0.195355 89.557961
-0.192461 89.940330
0.192461 89.940330
-0.189566 90.329568
0.189566 90.329568
-0.186672 90.725323
0.186672 90.725323
-0.183778 91.127235
0.183778 91.127235
-0.180884 91.534945
0.180884 91.534945
-0.177990 91.948084
0.177990 91.948084
-0.175096 92.366283
0.175096 92.366283
-0.172202 92.789166
0.172202 92.789166
-0.169307 93.216355
0.169307 93.216355
-0.166413 93.647467
0.166413 93.647467
-0.163519 94.082117
0.163519 94.082117
-0.160625 94.519914
0.160625 94.519914
-0.157731 94.960467
0.157731 94.960467
-0.154837 95.403378
0.154837 95.403378
-0.151943 95.848250
0.151943 95.848250
-0.149048 96.294680
0.149048 96.294680
-0.146154 96.742263
0.146154 96.742263
-0.143260 97.190592
0.143260 97.190592
-0.140366 97.639257
0.140366 97.639257
-0.137472 98.087845
0.137472 98.087845
-0.134578 98.535943
0.134578 98.535943
-0.131684 98.983133
0.131684 98.983133
-0.128789 99.428997
0.128789 99.428997
-0.125895 99.873113
0.125895 99.873113
-0.123001 100.315061
0.123001 100.315061
-0.120107 100.754416
0.120107 100.754416
-0.117213 101.190754
0.117213 101.190754
-0.114319 101.623648
0.114319 101.623648
-0.111425 102.052674
0.111425 102.052674
-0.108530 102.477403
0.108530 102.477403
-0.105636 102.897408
0.105636 102.897408
-0.102742 103.312264
0.102742 103.312264
-0.099848 103.721544
0.099848 103.721544
-0.096954 104.124822
0.096954 104.124822
-0.094060 104.521674
0.094060 104.521674
-0.091166 104.911679
0.091166 104.911679
-0.088271 105.294417
0.088271 105.294417
-0.085377 105.669470
0.085377 105.669470
-0.082483 106.036425
0.082483 106.036425
-0.079589 106.394872
0.079589 106.394872
-0.076695 106.744406
0.076695 106.744406
-0.073801 107.084626
0.073801 107.084626
-0.070907 107.415138
0.070907 107.415138
-0.068012 107.735555
0.068012 107.735555
-0.065118 108.045496
0.065118 108.045496
-0.062224 108.344587
0.062224 108.344587
-0.059330 108.632466
0.059330 108.632466
-0.056436 108.908779
0.056436 108.908779
-0.053542 109.173180
0.053542 109.173180
-0.050648 109.425338
0.050648 109.425338
-0.047753 109.664931
0.047753 109.664931
-0.044859 109.891652
0.044859 109.891652
-0.041965 110.105207
0.041965 110.105207
-0.039071 110.305315
0.039071 110.305315
-0.036177 110.491712
0.036177 110.491712
-0.033283 110.664150
0.033283 110.664150
-0.030389 110.822396
0.030389 110.822396
-0.027494 110.966237
0.027494 110.966237
-0.024600 111.095476
0.024600 111.095476
-0.021706 111.209936
0.021706 111.209936
-0.018812 111.309459
0.018812 111.309459
-0.015918 111.393907
0.015918 111.393907
-0.013024 111.463163
0.013024 111.463163
-0.010130 111.517129
0.010130 111.517129
-0.007235 111.555731
0.007235 111.555731
-0.004341 111.578914
0.004341 111.578914
-0.001447 111.586645
0.001447 244.228589
0.001447 244.237449
-0.001447 244.237449
0.004341 244.264017
-0.004341 244.264017
0.007235 244.308262
-0.007235 244.308262
0.010130 244.370131
-0.010130 244.370131
0.013024 244.449549
-0.013024 244.449549
0.015918 244.546422
-0.015918 244.546422
0.018812 244.660635
-0.018812 244.660635
0.021706 244.792053
-0.021706 244.792053
0.024600 244.940521
-0.024600 244.940521
0.027494 245.105865
-0.027494 245.105865
0.030389 245.287894
-0.030389 245.287894
0.033283 245.486398
-0.033283 245.486398
0.036177 245.701150
-0.036177 245.701150
0.039071 245.931906
-0.039071 245.931906
0.041965 246.178408
-0.041965 246.178408
0.044859 246.440381
-0.044859 246.440381
0.047753 246.717538
-0.047753 246.717538
0.050648 247.009576
-0.050648 247.009576
0.053542 247.316182
-0.053542 247.316182
0.056436 247.637028
-0.056436 247.637028
0.059330 247.971779
-0.059330 247.971779
0.062224 248.320087
-0.062224 248.320087
0.065118 248.681594
-0.065118 248.681594
0.068012 249.055935
-0.068012 249.055935
0.070907 249.442736
-0.070907 249.442736
0.073801 249.841616
-0.073801 249.841616
0.076695 250.252187
-0.076695 250.252187
0.079589 250.674054
-0.079589 250.674054
0.082483 251.106819
-0.082483 251.106819
0.085377 251.550077
-0.085377 251.550077
0.088271 252.003417
-0.088271 252.003417
0.091166 252.466428
-0.091166 252.466428
0.094060 252.938693
-0.094060 252.938693
0.096954 253.419792
-0.096954 253.419792
0.099848 253.909301
-0.099848 253.909301
0.102742 254.406797
-0.102742 254.406797
0.105636 254.911851
-0.105636 254.911851
0.108530 255.424033
-0.108530 255.424033
0.111425 255.942914
-0.111425 255.942914
0.114319 256.468058
-0.114319 256.468058
0.117213 256.999032
-0.117213 256.999032
0.120107 257.535400
-0.120107 257.535400
0.123001 258.076723
-0.123001 258.076723
0.125895 258.622563
-0.125895 258.622563
0.128789 259.172477
-0.128789 259.172477
0.131684 259.726025
-0.131684 259.726025
0.134578 260.282762
-0.134578 260.282762
0.137472 260.842241
-0.137472 260.842241
0.140366 261.404015
-0.140366 261.404015
0.143260 261.967633
-0.143260 261.967633
0.146154 262.532643
-0.146154 262.532643
0.149048 263.098589
-0.149048 263.098589
0.151943 263.665014
-0.151943 263.665014
0.154837 264.231455
-0.154837 264.231455
0.157731 264.797449
-0.157731 264.797449
0.160625 265.362526
-0.160625 265.362526
0.163519 265.926215
-0.163519 265.926215
0.166413 266.488039
-0.166413 266.488039
0.169307 267.047516
-0.169307 267.047516
0.172202 267.604160
-0.172202 267.604160
0.175096 268.157479
-0.175096 268.157479
0.177990 268.706976
-0.177990 268.706976
0.180884 269.252150
-0.180884 269.252150
0.183778 269.792490
-0.183778 269.792490
0.186672 270.327482
-0.186672 270.327482
0.189566 270.856605
-0.189566 270.856605
0.192461 271.379330
-0.192461 271.379330
0.195355 271.895122
-0.195355 271.895122
0.198249 272.403442
-0.198249 272.403442
0.201143 272.903740
-0.201143 272.903740
0.204037 273.395463
-0.204037 273.395463
0.206931 273.878051
-0.206931 273.878051
0.209825 274.350936
-0.209825 274.350936
0.212720 274.813548
-0.212720 274.813548
0.215614 275.265311
-0.215614 275.265311
0.218508 275.705643
-0.218508 275.705643
0.221402 276.133962
-0.221402 276.133962
0.224296 276.549682
-0.224296 276.549682
0.227190 276.952217
-0.227190 276.952217
0.230084 277.340981
-0.230084 277.340981
0.232979 277.715390
-0.232979 277.715390
0.235873 278.074866
-0.235873 278.074866
0.238767 278.418834
-0.238767 278.418834
0.241661 278.746730
-0.241661 278.746730
0.244555 279.057998
-0.244555 279.057998
0.247449 279.352098
-0.247449 279.352098
0.250343 279.628503
-0.250343 279.628503
0.253238 279.886707
-0.253238 279.886707
0.256132 280.126223
-0.256132 280.126223
0.259026 280.346591
-0.259026 280.346591
0.261920 280.547376
-0.261920 280.547376
0.264814 280.728175
-0.264814 280.728175
0.267708 280.888618
-0.267708 280.888618
0.270602 281.028372
-0.270602 281.028372
0.273497 281.147140
-0.273497 281.147140
0.276391 281.244669
-0.276391 281.244669
0.279285 281.320747
-0.279285 281.320747
0.282179 281.375209
-0.282179 281.375209
0.285073 281.407934
-0.285073 281.407934
0.287967 281.418850
-0.287967 339.560902
-0.287967 339.568222
0.287967 339.568222
-0.285073 339.590159
0.285073 339.590159
-0.282179 339.626646
0.282179 339.626646
-0.279285 339.677575
0.279285 339.677575
-0.276391 339.742792
0.276391 339.742792
-0.273497 339.822106
0.273497 339.822106
-0.270602 339.915284
0.270602 339.915284
-0.267708 340.022056
0.267708 340.022056
-0.264814 340.142119
0.264814 340.142119
-0.261920 340.275137
0.261920 340.275137
-0.259026 340.420746
0.259026 340.420746
-0.256132 340.578553
0.256132 340.578553
-0.253238 340.748145
0.253238 340.748145
-0.250343 340.929087
0.250343 340.929087
-0.247449 341.120926
0.247449 341.120926
-0.244555 341.323197
0.244555 341.323197
-0.241661 341.535421
0.241661 341.535421
-0.238767 341.757112
0.238767 341.757112
-0.235873 341.987778
0.235873 341.987778
-0.232979 342.226920
0.232979 342.226920
-0.230084 342.474043
0.230084 342.474043
-0.227190 342.728647
0.227190 342.728647
-0.224296 342.990237
0.224296 342.990237
-0.221402 343.258323
0.221402 343.258323
-0.218508 343.532418
0.218508 343.532418
-0.215614 343.812044
0.215614 343.812044
-0.212720 344.096729
0.212720 344.096729
-0.209825 344.386011
0.209825 344.386011
-0.206931 344.679438
0.206931 344.679438
-0.204037 344.976567
0.204037 344.976567
-0.201143 345.276967
0.201143 345.276967
-0.198249 345.580217
0.198249 345.580217
-0.195355 345.885910
0.195355 345.885910
-0.192461 346.193648
0.192461 346.193648
-0.189566 346.503046
0.189566 346.503046
-0.186672 346.813731
0.186672 346.813731
-0.183778 347.125343
0.183778 347.125343
-0.180884 347.437532
0.180884 347.437532
-0.177990 347.749960
0.177990 347.749960
-0.175096 348.062302
0.175096 348.062302
-0.172202 348.374242
0.172202 348.374242
-0.169307 348.685478
0.169307 348.685478
-0.166413 348.995717
0.166413 348.995717
-0.163519 349.304677
0.163519 349.304677
-0.160625 349.612085
0.160625 349.612085
-0.157731 349.917682
0.157731 349.917682
-0.154837 350.221215
0.154837 350.221215
-0.151943 350.522441
0.151943 350.522441
-0.149048 350.821128
0.149048 350.821128
-0.146154 351.117052
0.146154 351.117052
-0.143260 351.409996
0.143260 351.409996
-0.140366 351.699754
0.140366 351.699754
-0.137472 351.986126
0.137472 351.986126
-0.134578 352.268921
0.134578 352.268921
-0.131684 352.547954
0.131684 352.547954
-0.128789 352.823050
0.128789 352.823050
-0.125895 353.094037
0.125895 353.094037
-0.123001 353.360754
0.123001 353.360754
-0.120107 353.623043
0.120107 353.623043
-0.117213 353.880754
0.117213 353.880754
-0.114319 354.133743
0.114319 354.133743
-0.111425 354.381870
0.111425 354.381870
-0.108530 354.625004
0.108530 354.625004
-0.105636 354.863017
0.105636 354.863017
-0.102742 355.095786
0.102742 355.095786
-0.099848 355.323195
0.099848 355.323195
-0.096954 355.545131
0.096954 355.545131
-0.094060 355.761487
0.094060 355.761487
-0.091166 355.972160
0.091166 355.972160
-0.088271 356.177052
0.088271 356.177052
-0.085377 356.376068
0.085377 356.376068
-0.082483 356.569119
0.082483 356.569119
-0.079589 356.756118
0.079589 356.756118
-0.076695 356.936984
0.076695 356.936984
-0.073801 357.111639
0.073801 357.111639
-0.070907 357.280008
0.070907 357.280008
-0.068012 357.442021
0.068012 357.442021
-0.065118 357.597611
0.065118 357.597611
-0.062224 357.746713
0.062224 357.746713
-0.059330 357.889268
0.059330 357.889268
-0.056436 358.025218
0.056436 358.025218
-0.053542 358.154510
0.053542 358.154510
-0.050648 358.277093
0.050648 358.277093
-0.047753 358.392918
0.047753 358.392918
-0.044859 358.501943
0.044859 358.501943
-0.041965 358.604124
0.041965 358.604124
-0.039071 358.699423
0.039071 358.699423
-0.036177 358.787805
0.036177 358.787805
-0.033283 358.869236
0.033283 358.869236
-0.030389 358.943687
0.030389 358.943687
-0.027494 359.011128
0.027494 359.011128
-0.024600 359.071537
0.024600 359.071537
-0.021706 359.124891
0.021706 359.124891
-0.018812 359.171169
0.018812 359.171169
-0.015918 359.210356
0.015918 359.210356
-0.013024 359.242438
0.013024 359.242438
-0.010130 359.267402
0.010130 359.267402
-0.007235 359.285240
0.007235 359.285240
-0.004341 359.295946
0.004341 359.295946
-0.001447 359.299515
