###############################################################
#Number of atoms in chain 800
#Number of cells 200
#Short Pt-X force constant 186.000000 N/M
#Long Pt-X force constant 18.600000 N/M
#Short X-X force constant -20.000000 N/M
#Long X-X force constant -20.000000 N/M
#Pt-Pt force constant 50.000000 N/M
#Distance between atom pair 2.327310 x10^-10 M
#Temperature 298.000000 K
#Acoustic MSRD 0.000225495 x10^-20 M^2
#Nu3 Optical MSRD 6.01023e-05 x10^-20 M^2
#Nu1 Optical MSRD 0.00161638 x10^-20 M^2
#Nu2 Optical MSRD 0.00132663 x10^-20 M^2
#Total MSRD 0.0032286 x10^-20 M^2
###############################################################
0.000000 0.000003
0.001447 0.672865
-0.001447 0.672865
0.004341 1.345738
-0.004341 1.345738
0.007235 2.018625
-0.007235 2.018625
0.010130 2.691533
-0.010130 2.691533
0.013024 3.364469
-0.013024 3.364469
0.015918 4.037439
-0.015918 4.037439
0.018812 4.710448
-0.018812 4.710448
0.021706 5.383502
-0.021706 5.383502
0.024600 6.056602
-0.024600 6.056602
0.027494 6.729753
-0.027494 6.729753
0.030389 7.402956
-0.030389 7.402956
0.033283 8.076211
-0.033283 8.076211
0.036177 8.749516
-0.036177 8.749516
0.039071 9.422870
-0.039071 9.422870
0.041965 10.096267
-0.041965 10.096267
0.044859 10.769701
-0.044859 10.769701
0.047753 11.443165
-0.047753 11.443165
0.050648 12.116648
-0.050648 12.116648
0.053542 12.790137
-0.053542 12.790137
0.056436 13.463618
-0.056436 13.463618
0.059330 14.137073
-0.059330 14.137073
0.062224 14.810483
-0.062224 14.810483
0.065118 15.483824
-0.065118 15.483824
0.068012 16.157072
-0.068012 16.157072
0.070907 16.830196
-0.070907 16.830196
0.073801 17.503167
-0.073801 17.503167
0.076695 18.175947
-0.076695 18.175947
0.079589 18.848499
-0.079589 18.848499
0.082483 19.520780
-0.082483 19.520780
0.085377 20.192744
-0.085377 20.192744
0.088271 20.864340
-0.088271 20.864340
0.091166 21.535513
-0.091166 21.535513
0.094060 22.206205
-0.094060 22.206205
0.096954 22.876353
-0.096954 22.876353
0.099848 23.545887
-0.099848 23.545887
0.102742 24.214735
-0.102742 24.214735
0.105636 24.882818
-0.105636 24.882818
0.108530 25.550052
-0.108530 25.550052
0.111425 26.216348
-0.111425 26.216348
0.114319 26.881611
-0.114319 26.881611
0.117213 27.545738
-0.117213 27.545738
0.120107 28.208622
-0.120107 28.208622
0.123001 28.870149
-0.123001 28.870149
0.125895 29.530197
-0.125895 29.530197
0.128789 30.188636
-0.128789 30.188636
0.131684 30.845330
-0.131684 30.845330
0.134578 31.500136
-0.134578 31.500136
0.137472 32.152899
-0.137472 32.152899
0.140366 32.803460
-0.140366 32.803460
0.143260 33.451646
-0.143260 33.451646
0.146154 34.097278
-0.146154 34.097278
0.149048 34.740166
-0.149048 34.740166
0.151943 35.380110
-0.151943 35.380110
0.154837 36.016898
-0.154837 36.016898
0.157731 36.650307
-0.157731 36.650307
0.160625 37.280103
-0.160625 37.280103
0.163519 37.906039
-0.163519 37.906039
0.166413 38.527854
-0.166413 38.527854
0.169307 39.145275
-0.169307 39.145275
0.172202 39.758014
-0.172202 39.758014
0.175096 40.365767
-0.175096 40.365767
0.177990 40.968218
-0.177990 40.968218
0.180884 41.565030
-0.180884 41.565030
0.183778 42.155854
-0.183778 42.155854
0.186672 42.740320
-0.186672 42.740320
0.189566 43.318042
-0.189566 43.318042
0.192461 43.888614
-0.192461 43.888614
0.195355 44.451613
-0.195355 44.451613
0.198249 45.006594
-0.198249 45.006594
0.201143 45.553092
-0.201143 45.553092
0.204037 46.090624
-0.204037 46.090624
0.206931 46.618682
-0.206931 46.618682
0.209825 47.136741
-0.209825 47.136741
0.212720 47.644253
-0.212720 47.644253
0.215614 48.140648
-0.215614 48.140648
0.218508 48.625337
-0.218508 48.625337
0.221402 49.097712
-0.221402 49.097712
0.224296 49.557142
-0.224296 49.557142
0.227190 50.002982
-0.227190 50.002982
0.230084 50.434569
-0.230084 50.434569
0.232979 50.851225
-0.232979 50.851225
0.235873 51.252260
-0.235873 51.252260
0.238767 51.636975
-0.238767 51.636975
0.241661 52.004663
-0.241661 52.004663
0.244555 52.354616
-0.244555 52.354616
0.247449 52.686125
-0.247449 52.686125
0.250343 52.998490
-0.250343 52.998490
0.253238 53.291020
-0.253238 53.291020
0.256132 53.563041
-0.256132 53.563041
0.259026 53.813900
-0.259026 53.813900
0.261920 54.042975
-0.261920 54.042975
0.264814 54.249676
-0.264814 54.249676
0.267708 54.433453
-0.267708 54.433453
0.270602 54.593807
-0.270602 54.593807
0.273497 54.730288
-0.273497 54.730288
0.276391 54.842506
-0.276391 54.842506
0.279285 54.930135
-0.279285 54.930135
0.282179 54.992915
-0.282179 54.992915
0.285073 55.030658
-0.285073 55.030658
0.287967 55.043252
-0.287967 107.274386
-0.287967 107.286400
0.287967 107.286400
-0.285073 107.322401
0.285073 107.322401
-0.282179 107.382274
0.282179 107.382274
-0.279285 107.465826
0.279285 107.465826
-0.276391 107.572795
0.276391 107.572795
-0.273497 107.702844
0.273497 107.702844
-0.270602 107.855576
0.270602 107.855576
-0.267708 108.030531
0.267708 108.030531
-0.264814 108.227194
0.264814 108.227194
-0.261920 108.445003
0.261920 108.445003
-0.259026 108.683353
0.259026 108.683353
-0.256132 108.941601
0.256132 108.941601
-0.253238 109.219077
0.253238 109.219077
-0.250343 109.515084
0.250343 109.515084
-0.247449 109.828906
0.247449 109.828906
-0.244555 110.159818
0.244555 110.159818
-0.241661 110.507081
0.241661 110.507081
-0.238767 110.869958
0.238767 110.869958
-0.235873 111.247708
0.235873 111.247708
-0.232979 111.639596
0.232979 111.639596
-0.230084 112.044895
0.230084 112.044895
-0.227190 112.462885
0.227190 112.462885
-0.224296 112.892860
0.224296 112.892860
-0.221402 113.334127
0.221402 113.334127
-0.218508 113.786006
0.218508 113.786006
-0.215614 114.247836
0.215614 114.247836
-0.212720 114.718972
0.212720 114.718972
-0.209825 115.198784
0.209825 115.198784
-0.206931 115.686661
0.206931 115.686661
-0.204037 116.182010
0.204037 116.182010
-0.201143 116.684254
0.201143 116.684254
-0.198249 117.192834
0.198249 117.192834
-0.195355 117.707204
0.195355 117.707204
-0.192461 118.226839
0.192461 118.226839
-0.189566 118.751226
0.189566 118.751226
-0.186672 119.279867
0.186672 119.279867
-0.183778 119.812277
0.183778 119.812277
-0.180884 120.347986
0.180884 120.347986
-0.177990 120.886535
0.177990 120.886535
-0.175096 121.427476
0.175096 121.427476
-0.172202 121.970372
0.172202 121.970372
-0.169307 122.514796
0.169307 122.514796
-0.166413 123.060331
0.166413 123.060331
-0.163519 123.606565
0.163519 123.606565
-0.160625 124.153096
0.160625 124.153096
-0.157731 124.699529
0.157731 124.699529
-0.154837 125.245472
0.154837 125.245472
-0.151943 125.790542
0.151943 125.790542
-0.149048 126.334357
0.149048 126.334357
-0.146154 126.876541
0.146154 126.876541
-0.143260 127.416721
0.143260 127.416721
-0.140366 127.954525
0.140366 127.954525
-0.137472 128.489587
0.137472 128.489587
-0.134578 129.021537
0.134578 129.021537
-0.131684 129.550012
0.131684 129.550012
-0.128789 130.074645
0.128789 130.074645
-0.125895 130.595071
0.125895 130.595071
-0.123001 131.110927
0.123001 131.110927
-0.120107 131.621845
0.120107 131.621845
-0.117213 132.127461
0.117213 132.127461
-0.114319 132.627406
0.114319 132.627406
-0.111425 133.121314
0.111425 133.121314
-0.108530 133.608813
0.108530 133.608813
-0.105636 134.089534
0.105636 134.089534
-0.102742 134.563104
0.102742 134.563104
-0.099848 135.029150
0.099848 135.029150
-0.096954 135.487296
0.096954 135.487296
-0.094060 135.937166
0.094060 135.937166
-0.091166 136.378383
0.091166 136.378383
-0.088271 136.810569
0.088271 136.810569
-0.085377 137.233345
0.085377 137.233345
-0.082483 137.646334
0.082483 137.646334
-0.079589 138.049156
0.079589 138.049156
-0.076695 138.441436
0.076695 138.441436
-0.073801 138.822795
0.073801 138.822795
-0.070907 139.192862
0.070907 139.192862
-0.068012 139.551266
0.068012 139.551266
-0.065118 139.897638
0.065118 139.897638
-0.062224 140.231616
0.062224 140.231616
-0.059330 140.552843
0.059330 140.552843
-0.056436 140.860967
0.056436 140.860967
-0.053542 141.155645
0.053542 141.155645
-0.050648 141.436540
0.050648 141.436540
-0.047753 141.703326
0.047753 141.703326
-0.044859 141.955688
0.044859 141.955688
-0.041965 142.193320
0.041965 142.193320
-0.039071 142.415933
0.039071 142.415933
-0.036177 142.623248
0.036177 142.623248
-0.033283 142.815002
0.033283 142.815002
-0.030389 142.990951
0.030389 142.990951
-0.027494 143.150863
0.027494 143.150863
-0.024600 143.294529
0.024600 143.294529
-0.021706 143.421758
0.021706 143.421758
-0.018812 143.532377
0.018812 143.532377
-0.015918 143.626237
0.015918 143.626237
-0.013024 143.703209
0.013024 143.703209
-0.010130 143.763188
0.010130 143.763188
-0.007235 143.806089
0.007235 143.806089
-0.004341 143.831854
0.004341 143.831854
-0.001447 143.840446
0.001447 244.228589
0.001447 244.237897
-0.001447 244.237897
0.004341 244.265805
-0.004341 244.265805
0.007235 244.312275
-0.007235 244.312275
0.010130 244.377241
-0.010130 244.377241
0.013024 244.460609
-0.013024 244.460609
0.015918 244.562263
-0.015918 244.562263
0.018812 244.682060
-0.018812 244.682060
0.021706 244.819832
-0.021706 244.819832
0.024600 244.975389
-0.024600 244.975389
0.027494 245.148518
-0.027494 245.148518
0.030389 245.338983
-0.030389 245.338983
0.033283 245.546528
-0.033283 245.546528
0.036177 245.770878
-0.036177 245.770878
0.039071 246.011739
-0.039071 246.011739
0.041965 246.268798
-0.041965 246.268798
0.044859 246.541728
-0.044859 246.541728
0.047753 246.830185
-0.047753 246.830185
0.050648 247.133812
-0.050648 247.133812
0.053542 247.452239
-0.053542 247.452239
0.056436 247.785085
-0.056436 247.785085
0.059330 248.131958
-0.059330 248.131958
0.062224 248.492456
-0.062224 248.492456
0.065118 248.866169
-0.065118 248.866169
0.068012 249.252679
-0.068012 249.252679
0.070907 249.651564
-0.070907 249.651564
0.073801 250.062393
-0.073801 250.062393
0.076695 250.484733
-0.076695 250.484733
0.079589 250.918145
-0.079589 250.918145
0.082483 251.362189
-0.082483 251.362189
0.085377 251.816421
-0.085377 251.816421
0.088271 252.280394
-0.088271 252.280394
0.091166 252.753661
-0.091166 252.753661
0.094060 253.235774
-0.094060 253.235774
0.096954 253.726283
-0.096954 253.726283
0.099848 254.224740
-0.099848 254.224740
0.102742 254.730694
-0.102742 254.730694
0.105636 255.243697
-0.105636 255.243697
0.108530 255.763299
-0.108530 255.763299
0.111425 256.289052
-0.111425 256.289052
0.114319 256.820507
-0.114319 256.820507
0.117213 257.357218
-0.117213 257.357218
0.120107 257.898738
-0.120107 257.898738
0.123001 258.444619
-0.123001 258.444619
0.125895 258.994417
-0.125895 258.994417
0.128789 259.547686
-0.128789 259.547686
0.131684 260.103980
-0.131684 260.103980
0.134578 260.662853
-0.134578 260.662853
0.137472 261.223860
-0.137472 261.223860
0.140366 261.786555
-0.140366 261.786555
0.143260 262.350490
-0.143260 262.350490
0.146154 262.915217
-0.146154 262.915217
0.149048 263.480288
-0.149048 263.480288
0.151943 264.045250
-0.151943 264.045250
0.154837 264.609651
-0.154837 264.609651
0.157731 265.173037
-0.157731 265.173037
0.160625 265.734948
-0.160625 265.734948
0.163519 266.294925
-0.163519 266.294925
0.166413 266.852503
-0.166413 266.852503
0.169307 267.407216
-0.169307 267.407216
0.172202 267.958592
-0.172202 267.958592
0.175096 268.506155
-0.175096 268.506155
0.177990 269.049426
-0.177990 269.049426
0.180884 269.587920
-0.180884 269.587920
0.183778 270.121148
-0.183778 270.121148
0.186672 270.648615
-0.186672 270.648615
0.189566 271.169821
-0.189566 271.169821
0.192461 271.684262
-0.192461 271.684262
0.195355 272.191428
-0.195355 272.191428
0.198249 272.690802
-0.198249 272.690802
0.201143 273.181863
-0.201143 273.181863
0.204037 273.664087
-0.204037 273.664087
0.206931 274.136942
-0.206931 274.136942
0.209825 274.599893
-0.209825 274.599893
0.212720 275.052402
-0.212720 275.052402
0.215614 275.493927
-0.215614 275.493927
0.218508 275.923923
-0.218508 275.923923
0.221402 276.341845
-0.221402 276.341845
0.224296 276.747144
-0.224296 276.747144
0.227190 277.139277
-0.227190 277.139277
0.230084 277.517698
-0.230084 277.517698
0.232979 277.881867
-0.232979 277.881867
0.235873 278.231249
-0.235873 278.231249
0.238767 278.565315
-0.238767 278.565315
0.241661 278.883546
-0.241661 278.883546
0.244555 279.185432
-0.244555 279.185432
0.247449 279.470480
-0.247449 279.470480
0.250343 279.738209
-0.250343 279.738209
0.253238 279.988158
-0.253238 279.988158
0.256132 280.219885
-0.256132 280.219885
0.259026 280.432974
-0.259026 280.432974
0.261920 280.627032
-0.261920 280.627032
0.264814 280.801694
-0.264814 280.801694
0.267708 280.956629
-0.267708 280.956629
0.270602 281.091535
-0.270602 281.091535
0.273497 281.206148
-0.273497 281.206148
0.276391 281.300240
-0.276391 281.300240
0.279285 281.373621
-0.279285 281.373621
0.282179 281.426144
-0.282179 281.426144
0.285073 281.457700
-0.285073 281.457700
0.287967 281.468226
-0.287967 341.802762
-0.287967 341.809687
0.287967 341.809687
-0.285073 341.830443
0.285073 341.830443
-0.282179 341.864969
0.282179 341.864969
-0.279285 341.913169
0.279285 341.913169
-0.276391 341.974905
0.276391 341.974905
-0.273497 342.050006
0.273497 342.050006
-0.270602 342.138263
0.270602 342.138263
-0.267708 342.239434
0.267708 342.239434
-0.264814 342.353246
0.264814 342.353246
-0.261920 342.479396
0.261920 342.479396
-0.259026 342.617556
0.259026 342.617556
-0.256132 342.767371
0.256132 342.767371
-0.253238 342.928465
0.253238 342.928465
-0.250343 343.100443
0.250343 343.100443
-0.247449 343.282893
0.247449 343.282893
-0.244555 343.475388
0.244555 343.475388
-0.241661 343.677491
0.241661 343.677491
-0.238767 343.888753
0.238767 343.888753
-0.235873 344.108722
0.235873 344.108722
-0.232979 344.336937
0.232979 344.336937
-0.230084 344.572937
0.230084 344.572937
-0.227190 344.816258
0.227190 344.816258
-0.224296 345.066437
0.224296 345.066437
-0.221402 345.323016
0.221402 345.323016
-0.218508 345.585537
0.218508 345.585537
-0.215614 345.853549
0.215614 345.853549
-0.212720 346.126607
0.212720 346.126607
-0.209825 346.404273
0.209825 346.404273
-0.206931 346.686115
0.206931 346.686115
-0.204037 346.971714
0.204037 346.971714
-0.201143 347.260655
0.201143 347.260655
-0.198249 347.552536
0.198249 347.552536
-0.195355 347.846963
0.195355 347.846963
-0.192461 348.143554
0.192461 348.143554
-0.189566 348.441937
0.189566 348.441937
-0.186672 348.741749
0.186672 348.741749
-0.183778 349.042640
0.183778 349.042640
-0.180884 349.344269
0.180884 349.344269
-0.177990 349.646306
0.177990 349.646306
-0.175096 349.948433
0.175096 349.948433
-0.172202 350.250340
0.172202 350.250340
-0.169307 350.551729
0.169307 350.551729
-0.166413 350.852312
0.166413 350.852312
-0.163519 351.151809
0.163519 351.151809
-0.160625 351.449952
0.160625 351.449952
-0.157731 351.746482
0.157731 351.746482
-0.154837 352.041148
0.154837 352.041148
-0.151943 352.333710
0.151943 352.333710
-0.149048 352.623934
0.149048 352.623934
-0.146154 352.911597
0.146154 352.911597
-0.143260 353.196484
0.143260 353.196484
-0.140366 353.478386
0.140366 353.478386
-0.137472 353.757104
0.137472 353.757104
-0.134578 354.032446
0.134578 354.032446
-0.131684 354.304225
0.131684 354.304225
-0.128789 354.572264
0.128789 354.572264
-0.125895 354.836392
0.125895 354.836392
-0.123001 355.096443
0.123001 355.096443
-0.120107 355.352260
0.120107 355.352260
-0.117213 355.603690
0.117213 355.603690
-0.114319 355.850587
0.114319 355.850587
-0.111425 356.092811
0.111425 356.092811
-0.108530 356.330226
0.108530 356.330226
-0.105636 356.562703
0.105636 356.562703
-0.102742 356.790118
0.102742 356.790118
-0.099848 357.012351
0.099848 357.012351
-0.096954 357.229288
0.096954 357.229288
-0.094060 357.440820
0.094060 357.440820
-0.091166 357.646842
0.091166 357.646842
-0.088271 357.847252
0.088271 357.847252
-0.085377 358.041956
0.085377 358.041956
-0.082483 358.230861
0.082483 358.230861
-0.079589 358.413879
0.079589 358.413879
-0.076695 358.590926
0.076695 358.590926
-0.073801 358.761923
0.073801 358.761923
-0.070907 358.926792
0.070907 358.926792
-0.068012 359.085463
0.068012 359.085463
-0.065118 359.237866
0.065118 359.237866
-0.062224 359.383935
0.062224 359.383935
-0.059330 359.523608
0.059330 359.523608
-0.056436 359.656828
0.056436 359.656828
-0.053542 359.783538
0.053542 359.783538
-0.050648 359.903686
0.050648 359.903686
-0.047753 360.017224
0.047753 360.017224
-0.044859 360.124106
0.044859 360.124106
-0.041965 360.224288
0.041965 360.224288
-0.039071 360.317732
0.039071 360.317732
-0.036177 360.404399
0.036177 360.404399
-0.033283 360.484257
0.033283 360.484257
-0.030389 360.557273
0.030389 360.557273
-0.027494 360.623420
0.027494 360.623420
-0.024600 360.682672
0.024600 360.682672
-0.021706 360.735007
0.021706 360.735007
-0.018812 360.780404
0.018812 360.780404
-0.015918 360.818846
0.015918 360.818846
-0.013024 360.850318
0.013024 360.850318
-0.010130 360.874809
0.010130 360.874809
-0.007235 360.892309
0.007235 360.892309
-0.004341 360.902811
0.004341 360.902811
-0.001447 360.906313
