###############################################################
#Number of atoms in chain 800
#Number of cells 200
#Short Pt-X force constant 186.000000 N/M
#Long Pt-X force constant 18.600000 N/M
#Short X-X force constant -30.000000 N/M
#Long X-X force constant -30.000000 N/M
#Pt-Pt force constant 80.000000 N/M
#Distance between atom pair 2.327310 x10^-10 M
#Temperature 298.000000 K
#Acoustic MSRD 0.00156621 x10^-20 M^2
#Nu3 Optical MSRD 0.000210137 x10^-20 M^2
#Nu1 Optical MSRD 0.00193493 x10^-20 M^2
#Nu2 Optical MSRD 0.00132854 x10^-20 M^2
#Total MSRD 0.00503982 x10^-20 M^2
###############################################################
0.000000 0.000001
0.001447 0.577224
-0.001447 0.577224
0.004341 1.154653
-0.004341 1.154653
0.007235 1.732493
-0.007235 1.732493
0.010130 2.310946
-0.010130 2.310946
0.013024 2.890214
-0.013024 2.890214
0.015918 3.470492
-0.015918 3.470492
0.018812 4.051974
-0.018812 4.051974
0.021706 4.634847
-0.021706 4.634847
0.024600 5.219292
-0.024600 5.219292
0.027494 5.805483
-0.027494 5.805483
0.030389 6.393588
-0.030389 6.393588
0.033283 6.983766
-0.033283 6.983766
0.036177 7.576166
-0.036177 7.576166
0.039071 8.170930
-0.039071 8.170930
0.041965 8.768188
-0.041965 8.768188
0.044859 9.368059
-0.044859 9.368059
0.047753 9.970653
-0.047753 9.970653
0.050648 10.576068
-0.050648 10.576068
0.053542 11.184388
-0.053542 11.184388
0.056436 11.795687
-0.056436 11.795687
0.059330 12.410026
-0.059330 12.410026
0.062224 13.027453
-0.062224 13.027453
0.065118 13.648002
-0.065118 13.648002
0.068012 14.271696
-0.068012 14.271696
0.070907 14.898542
-0.070907 14.898542
0.073801 15.528535
-0.073801 15.528535
0.076695 16.161656
-0.076695 16.161656
0.079589 16.797874
-0.079589 16.797874
0.082483 17.437142
-0.082483 17.437142
0.085377 18.079400
-0.085377 18.079400
0.088271 18.724575
-0.088271 18.724575
0.091166 19.372580
-0.091166 19.372580
0.094060 20.023315
-0.094060 20.023315
0.096954 20.676667
-0.096954 20.676667
0.099848 21.332508
-0.099848 21.332508
0.102742 21.990698
-0.102742 21.990698
0.105636 22.651084
-0.105636 22.651084
0.108530 23.313500
-0.108530 23.313500
0.111425 23.977766
-0.111425 23.977766
0.114319 24.643690
-0.114319 24.643690
0.117213 25.311068
-0.117213 25.311068
0.120107 25.979683
-0.120107 25.979683
0.123001 26.649305
-0.123001 26.649305
0.125895 27.319692
-0.125895 27.319692
0.128789 27.990590
-0.128789 27.990590
0.131684 28.661733
-0.131684 28.661733
0.134578 29.332842
-0.134578 29.332842
0.137472 30.003625
-0.137472 30.003625
0.140366 30.673782
-0.140366 30.673782
0.143260 31.342996
-0.143260 31.342996
0.146154 32.010942
-0.146154 32.010942
0.149048 32.677280
-0.149048 32.677280
0.151943 33.341659
-0.151943 33.341659
0.154837 34.003718
-0.154837 34.003718
0.157731 34.663080
-0.157731 34.663080
0.160625 35.319359
-0.160625 35.319359
0.163519 35.972155
-0.163519 35.972155
0.166413 36.621058
-0.166413 36.621058
0.169307 37.265644
-0.169307 37.265644
0.172202 37.905477
-0.172202 37.905477
0.175096 38.540109
-0.175096 38.540109
0.177990 39.169080
-0.177990 39.169080
0.180884 39.791917
-0.180884 39.791917
0.183778 40.408136
-0.183778 40.408136
0.186672 41.017239
-0.186672 41.017239
0.189566 41.618719
-0.189566 41.618719
0.192461 42.212053
-0.192461 42.212053
0.195355 42.796710
-0.195355 42.796710
0.198249 43.372146
-0.198249 43.372146
0.201143 43.937806
-0.201143 43.937806
0.204037 44.493127
-0.204037 44.493127
0.206931 45.037532
-0.206931 45.037532
0.209825 45.570437
-0.209825 45.570437
0.212720 46.091251
-0.212720 46.091251
0.215614 46.599373
-0.215614 46.599373
0.218508 47.094197
-0.218508 47.094197
0.221402 47.575111
-0.221402 47.575111
0.224296 48.041500
-0.224296 48.041500
0.227190 48.492747
-0.227190 48.492747
0.230084 48.928234
-0.230084 48.928234
0.232979 49.347346
-0.232979 49.347346
0.235873 49.749469
-0.235873 49.749469
0.238767 50.133998
-0.238767 50.133998
0.241661 50.500335
-0.241661 50.500335
0.244555 50.847892
-0.244555 50.847892
0.247449 51.176098
-0.247449 51.176098
0.250343 51.484397
-0.250343 51.484397
0.253238 51.772253
-0.253238 51.772253
0.256132 52.039153
-0.256132 52.039153
0.259026 52.284611
-0.259026 52.284611
0.261920 52.508169
-0.261920 52.508169
0.264814 52.709402
-0.264814 52.709402
0.267708 52.887922
-0.267708 52.887922
0.270602 53.043377
-0.270602 53.043377
0.273497 53.175457
-0.273497 53.175457
0.276391 53.283894
-0.276391 53.283894
0.279285 53.368467
-0.279285 53.368467
0.282179 53.429003
-0.282179 53.429003
0.285073 53.465374
-0.285073 53.465374
0.287967 53.477507
-0.287967 128.872781
-0.287967 128.883070
0.287967 128.883070
-0.285073 128.913915
0.285073 128.913915
-0.282179 128.965248
0.282179 128.965248
-0.279285 129.036957
0.279285 129.036957
-0.276391 129.128887
0.276391 129.128887
-0.273497 129.240840
0.273497 129.240840
-0.270602 129.372579
0.270602 129.372579
-0.267708 129.523828
0.267708 129.523828
-0.264814 129.694276
0.264814 129.694276
-0.261920 129.883580
0.261920 129.883580
-0.259026 130.091364
0.259026 130.091364
-0.256132 130.317228
0.256132 130.317228
-0.253238 130.560747
0.253238 130.560747
-0.250343 130.821472
0.250343 130.821472
-0.247449 131.098941
0.247449 131.098941
-0.244555 131.392673
0.244555 131.392673
-0.241661 131.702176
0.241661 131.702176
-0.238767 132.026950
0.238767 132.026950
-0.235873 132.366488
0.235873 132.366488
-0.232979 132.720279
0.232979 132.720279
-0.230084 133.087811
0.230084 133.087811
-0.227190 133.468572
0.227190 133.468572
-0.224296 133.862053
0.224296 133.862053
-0.221402 134.267750
0.221402 134.267750
-0.218508 134.685166
0.218508 134.685166
-0.215614 135.113810
0.215614 135.113810
-0.212720 135.553201
0.212720 135.553201
-0.209825 136.002869
0.209825 136.002869
-0.206931 136.462352
0.206931 136.462352
-0.204037 136.931203
0.204037 136.931203
-0.201143 137.408986
0.201143 137.408986
-0.198249 137.895277
0.198249 137.895277
-0.195355 138.389666
0.195355 138.389666
-0.192461 138.891757
0.192461 138.891757
-0.189566 139.401167
0.189566 139.401167
-0.186672 139.917524
0.186672 139.917524
-0.183778 140.440474
0.183778 140.440474
-0.180884 140.969672
0.180884 140.969672
-0.177990 141.504789
0.177990 141.504789
-0.175096 142.045506
0.175096 142.045506
-0.172202 142.591519
0.172202 142.591519
-0.169307 143.142533
0.169307 143.142533
-0.166413 143.698266
0.166413 143.698266
-0.163519 144.258448
0.163519 144.258448
-0.160625 144.822816
0.160625 144.822816
-0.157731 145.391120
0.157731 145.391120
-0.154837 145.963117
0.154837 145.963117
-0.151943 146.538573
0.151943 146.538573
-0.149048 147.117260
0.149048 147.117260
-0.146154 147.698960
0.146154 147.698960
-0.143260 148.283457
0.143260 148.283457
-0.140366 148.870543
0.140366 148.870543
-0.137472 149.460012
0.137472 149.460012
-0.134578 150.051662
0.134578 150.051662
-0.131684 150.645292
0.131684 150.645292
-0.128789 151.240704
0.128789 151.240704
-0.125895 151.837697
0.125895 151.837697
-0.123001 152.436069
0.123001 152.436069
-0.120107 153.035616
0.120107 153.035616
-0.117213 153.636128
0.117213 153.636128
-0.114319 154.237389
0.114319 154.237389
-0.111425 154.839174
0.111425 154.839174
-0.108530 155.441250
0.108530 155.441250
-0.105636 156.043371
0.105636 156.043371
-0.102742 156.645275
0.102742 156.645275
-0.099848 157.246686
0.099848 157.246686
-0.096954 157.847304
0.096954 157.847304
-0.094060 158.446811
0.094060 158.446811
-0.091166 159.044860
0.091166 159.044860
-0.088271 159.641075
0.088271 159.641075
-0.085377 160.235045
0.085377 160.235045
-0.082483 160.826324
0.082483 160.826324
-0.079589 161.414419
0.079589 161.414419
-0.076695 161.998792
0.076695 161.998792
-0.073801 162.578849
0.073801 162.578849
-0.070907 163.153937
0.070907 163.153937
-0.068012 163.723333
0.068012 163.723333
-0.065118 164.286242
0.065118 164.286242
-0.062224 164.841785
0.062224 164.841785
-0.059330 165.388993
0.059330 165.388993
-0.056436 165.926797
0.056436 165.926797
-0.053542 166.454020
0.053542 166.454020
-0.050648 166.969369
0.050648 166.969369
-0.047753 167.471428
0.047753 167.471428
-0.044859 167.958649
0.044859 167.958649
-0.041965 168.429349
0.041965 168.429349
-0.039071 168.881708
0.039071 168.881708
-0.036177 169.313772
0.036177 169.313772
-0.033283 169.723460
0.033283 169.723460
-0.030389 170.108575
0.030389 170.108575
-0.027494 170.466833
0.027494 170.466833
-0.024600 170.795889
0.024600 170.795889
-0.021706 171.093381
0.021706 171.093381
-0.018812 171.356981
0.018812 171.356981
-0.015918 171.584462
0.015918 171.584462
-0.013024 171.773761
0.013024 171.773761
-0.010130 171.923056
0.010130 171.923056
-0.007235 172.030838
0.007235 172.030838
-0.004341 172.095975
0.004341 172.095975
-0.001447 172.117767
0.001447 201.243870
0.001447 201.270376
-0.001447 201.270376
0.004341 201.349651
-0.004341 201.349651
0.007235 201.480978
-0.007235 201.480978
0.010130 201.663199
-0.010130 201.663199
0.013024 201.894769
-0.013024 201.894769
0.015918 202.173820
-0.015918 202.173820
0.018812 202.498233
-0.018812 202.498233
0.021706 202.865713
-0.021706 202.865713
0.024600 203.273856
-0.024600 203.273856
0.027494 203.720214
-0.027494 203.720214
0.030389 204.202347
-0.030389 204.202347
0.033283 204.717864
-0.033283 204.717864
0.036177 205.264455
-0.036177 205.264455
0.039071 205.839917
-0.039071 205.839917
0.041965 206.442162
-0.041965 206.442162
0.044859 207.069232
-0.044859 207.069232
0.047753 207.719294
-0.047753 207.719294
0.050648 208.390644
-0.050648 208.390644
0.053542 209.081704
-0.053542 209.081704
0.056436 209.791007
-0.056436 209.791007
0.059330 210.517200
-0.059330 210.517200
0.062224 211.259030
-0.062224 211.259030
0.065118 212.015335
-0.065118 212.015335
0.068012 212.785041
-0.068012 212.785041
0.070907 213.567149
-0.070907 213.567149
0.073801 214.360730
-0.073801 214.360730
0.076695 215.164916
-0.076695 215.164916
0.079589 215.978897
-0.079589 215.978897
0.082483 216.801911
-0.082483 216.801911
0.085377 217.633242
-0.085377 217.633242
0.088271 218.472211
-0.088271 218.472211
0.091166 219.318176
-0.091166 219.318176
0.094060 220.170524
-0.094060 220.170524
0.096954 221.028671
-0.096954 221.028671
0.099848 221.892054
-0.099848 221.892054
0.102742 222.760134
-0.102742 222.760134
0.105636 223.632385
-0.105636 223.632385
0.108530 224.508301
-0.108530 224.508301
0.111425 225.387388
-0.111425 225.387388
0.114319 226.269160
-0.114319 226.269160
0.117213 227.153143
-0.117213 227.153143
0.120107 228.038871
-0.120107 228.038871
0.123001 228.925881
-0.123001 228.925881
0.125895 229.813717
-0.125895 229.813717
0.128789 230.701925
-0.128789 230.701925
0.131684 231.590053
-0.131684 231.590053
0.134578 232.477648
-0.134578 232.477648
0.137472 233.364260
-0.137472 233.364260
0.140366 234.249433
-0.140366 234.249433
0.143260 235.132712
-0.143260 235.132712
0.146154 236.013638
-0.146154 236.013638
0.149048 236.891745
-0.149048 236.891745
0.151943 237.766564
-0.151943 237.766564
0.154837 238.637619
-0.154837 238.637619
0.157731 239.504429
-0.157731 239.504429
0.160625 240.366501
-0.160625 240.366501
0.163519 241.223338
-0.163519 241.223338
0.166413 242.074430
-0.166413 242.074430
0.169307 242.919259
-0.169307 242.919259
0.172202 243.757296
-0.172202 243.757296
0.175096 244.588000
-0.175096 244.588000
0.177990 245.410817
-0.177990 245.410817
0.180884 246.225181
-0.180884 246.225181
0.183778 247.030514
-0.183778 247.030514
0.186672 247.826222
-0.186672 247.826222
0.189566 248.611697
-0.189566 248.611697
0.192461 249.386316
-0.192461 249.386316
0.195355 250.149441
-0.195355 250.149441
0.198249 250.900418
-0.198249 250.900418
0.201143 251.638579
-0.201143 251.638579
0.204037 252.363237
-0.204037 252.363237
0.206931 253.073693
-0.206931 253.073693
0.209825 253.769230
-0.209825 253.769230
0.212720 254.449115
-0.212720 254.449115
0.215614 255.112605
-0.215614 255.112605
0.218508 255.758939
-0.218508 255.758939
0.221402 256.387346
-0.221402 256.387346
0.224296 256.997043
-0.224296 256.997043
0.227190 257.587238
-0.227190 257.587238
0.230084 258.157132
-0.230084 258.157132
0.232979 258.705920
-0.232979 258.705920
0.235873 259.232796
-0.235873 259.232796
0.238767 259.736952
-0.238767 259.736952
0.241661 260.217589
-0.241661 260.217589
0.244555 260.673911
-0.244555 260.673911
0.247449 261.105136
-0.247449 261.105136
0.250343 261.510500
-0.250343 261.510500
0.253238 261.889257
-0.253238 261.889257
0.256132 262.240689
-0.256132 262.240689
0.259026 262.564111
-0.259026 262.564111
0.261920 262.858871
-0.261920 262.858871
0.264814 263.124360
-0.264814 263.124360
0.267708 263.360019
-0.267708 263.360019
0.270602 263.565337
-0.270602 263.565337
0.273497 263.739862
-0.273497 263.739862
0.276391 263.883204
-0.276391 263.883204
0.279285 263.995037
-0.279285 263.995037
0.282179 264.075103
-0.282179 264.075103
0.285073 264.123217
-0.285073 264.123217
0.287967 264.139268
-0.287967 335.625735
-0.287967 335.636349
0.287967 335.636349
-0.285073 335.668153
0.285073 335.668153
-0.282179 335.721040
0.282179 335.721040
-0.279285 335.794832
0.279285 335.794832
-0.276391 335.889284
0.276391 335.889284
-0.273497 336.004082
0.273497 336.004082
-0.270602 336.138853
0.270602 336.138853
-0.267708 336.293165
0.267708 336.293165
-0.264814 336.466530
0.264814 336.466530
-0.261920 336.658414
0.261920 336.658414
-0.259026 336.868237
0.259026 336.868237
-0.256132 337.095381
0.256132 337.095381
-0.253238 337.339194
0.253238 337.339194
-0.250343 337.598996
0.250343 337.598996
-0.247449 337.874084
0.247449 337.874084
-0.244555 338.163737
0.244555 338.163737
-0.241661 338.467220
0.241661 338.467220
-0.238767 338.783791
0.238767 338.783791
-0.235873 339.112701
0.235873 339.112701
-0.232979 339.453200
0.232979 339.453200
-0.230084 339.804543
0.230084 339.804543
-0.227190 340.165987
0.227190 340.165987
-0.224296 340.536801
0.224296 340.536801
-0.221402 340.916262
0.221402 340.916262
-0.218508 341.303659
0.218508 341.303659
-0.215614 341.698298
0.215614 341.698298
-0.212720 342.099500
0.212720 342.099500
-0.209825 342.506600
0.209825 342.506600
-0.206931 342.918954
0.206931 342.918954
-0.204037 343.335936
0.204037 343.335936
-0.201143 343.756938
0.201143 343.756938
-0.198249 344.181371
0.198249 344.181371
-0.195355 344.608667
0.195355 344.608667
-0.192461 345.038274
0.192461 345.038274
-0.189566 345.469664
0.189566 345.469664
-0.186672 345.902325
0.186672 345.902325
-0.183778 346.335764
0.183778 346.335764
-0.180884 346.769506
0.180884 346.769506
-0.177990 347.203096
0.177990 347.203096
-0.175096 347.636094
0.175096 347.636094
-0.172202 348.068080
0.172202 348.068080
-0.169307 348.498649
0.169307 348.498649
-0.166413 348.927411
0.166413 348.927411
-0.163519 349.353993
0.163519 349.353993
-0.160625 349.778038
0.160625 349.778038
-0.157731 350.199201
0.157731 350.199201
-0.154837 350.617153
0.154837 350.617153
-0.151943 351.031577
0.151943 351.031577
-0.149048 351.442170
0.149048 351.442170
-0.146154 351.848641
0.146154 351.848641
-0.143260 352.250711
0.143260 352.250711
-0.140366 352.648112
0.140366 352.648112
-0.137472 353.040588
0.137472 353.040588
-0.134578 353.427894
0.134578 353.427894
-0.131684 353.809792
0.131684 353.809792
-0.128789 354.186058
0.128789 354.186058
-0.125895 354.556475
0.125895 354.556475
-0.123001 354.920835
0.123001 354.920835
-0.120107 355.278939
0.120107 355.278939
-0.117213 355.630596
0.117213 355.630596
-0.114319 355.975624
0.114319 355.975624
-0.111425 356.313848
0.111425 356.313848
-0.108530 356.645099
0.108530 356.645099
-0.105636 356.969219
0.105636 356.969219
-0.102742 357.286051
0.102742 357.286051
-0.099848 357.595451
0.099848 357.595451
-0.096954 357.897276
0.096954 357.897276
-0.094060 358.191392
0.094060 358.191392
-0.091166 358.477671
0.091166 358.477671
-0.088271 358.755988
0.088271 358.755988
-0.085377 359.026228
0.085377 359.026228
-0.082483 359.288276
0.082483 359.288276
-0.079589 359.542028
0.079589 359.542028
-0.076695 359.787379
0.076695 359.787379
-0.073801 360.024233
0.073801 360.024233
-0.070907 360.252498
0.070907 360.252498
-0.068012 360.472085
0.068012 360.472085
-0.065118 360.682912
0.065118 360.682912
-0.062224 360.884899
0.062224 360.884899
-0.059330 361.077970
0.059330 361.077970
-0.056436 361.262056
0.056436 361.262056
-0.053542 361.437090
0.053542 361.437090
-0.050648 361.603008
0.050648 361.603008
-0.047753 361.759752
0.047753 361.759752
-0.044859 361.907266
0.044859 361.907266
-0.041965 362.045499
0.041965 362.045499
-0.039071 362.174403
0.039071 362.174403
-0.036177 362.293934
0.036177 362.293934
-0.033283 362.404050
0.033283 362.404050
-0.030389 362.504714
0.030389 362.504714
-0.027494 362.595893
0.027494 362.595893
-0.024600 362.677556
0.024600 362.677556
-0.021706 362.749675
0.021706 362.749675
-0.018812 362.812227
0.018812 362.812227
-0.015918 362.865190
0.015918 362.865190
-0.013024 362.908547
0.013024 362.908547
-0.010130 362.942284
0.010130 362.942284
-0.007235 362.966390
0.007235 362.966390
-0.004341 362.980857
0.004341 362.980857
-0.001447 362.985679
