###############################################################
#Number of atoms in chain 800
#Number of cells 200
#Short Pt-X force constant 186.000000 N/M
#Long Pt-X force constant 18.600000 N/M
#Short X-X force constant -30.000000 N/M
#Long X-X force constant -30.000000 N/M
#Pt-Pt force constant 60.000000 N/M
#Distance between atom pair 2.327310 x10^-10 M
#Temperature 298.000000 K
#Acoustic MSRD 0.0308559 x10^-20 M^2
#Nu3 Optical MSRD 0.000167348 x10^-20 M^2
#Nu1 Optical MSRD 0.00198194 x10^-20 M^2
#Nu2 Optical MSRD 0.00134167 x10^-20 M^2
#Total MSRD 0.0343468 x10^-20 M^2
###############################################################
0.000000 0.000003
0.001447 0.173495
-0.001447 0.173495
0.004341 0.346207
-0.004341 0.346207
0.007235 0.373530
-0.007235 0.373530
0.010130 0.517349
-0.010130 0.517349
0.013024 0.686129
-0.013024 0.686129
0.015918 0.851739
-0.015918 0.851739
0.018812 1.013356
-0.018812 1.013356
0.021706 1.170136
-0.021706 1.170136
0.024600 1.199549
-0.024600 1.199549
0.027494 1.212296
-0.027494 1.212296
0.030389 1.321204
-0.030389 1.321204
0.033283 1.465654
-0.033283 1.465654
0.036177 1.602532
-0.036177 1.602532
0.039071 1.602659
-0.039071 1.602659
0.041965 1.730831
-0.041965 1.730831
0.044859 1.811770
-0.044859 1.811770
0.047753 1.849476
-0.047753 1.849476
0.050648 1.858282
-0.050648 1.858282
0.053542 1.957307
-0.053542 1.957307
0.056436 2.034918
-0.056436 2.034918
0.059330 2.053054
-0.059330 2.053054
0.062224 2.135313
-0.062224 2.135313
0.065118 2.156074
-0.065118 2.156074
0.068012 2.202499
-0.068012 2.202499
0.070907 2.234610
-0.070907 2.234610
0.073801 2.252795
-0.073801 2.252795
0.076695 2.278634
-0.076695 2.278634
0.079589 2.284066
-0.079589 2.284066
0.082483 2.293744
-0.082483 2.293744
0.085377 2.325482
-0.085377 2.325482
0.088271 2.798439
-0.088271 2.798439
0.091166 3.250936
-0.091166 3.250936
0.094060 3.692597
-0.094060 3.692597
0.096954 4.128705
-0.096954 4.128705
0.099848 4.562418
-0.099848 4.562418
0.102742 4.995722
-0.102742 4.995722
0.105636 5.429895
-0.105636 5.429895
0.108530 5.865772
-0.108530 5.865772
0.111425 6.303880
-0.111425 6.303880
0.114319 6.744541
-0.114319 6.744541
0.117213 7.187921
-0.117213 7.187921
0.120107 7.634076
-0.120107 7.634076
0.123001 8.082976
-0.123001 8.082976
0.125895 8.534524
-0.125895 8.534524
0.128789 8.988569
-0.128789 8.988569
0.131684 9.444920
-0.131684 9.444920
0.134578 9.903349
-0.134578 9.903349
0.137472 10.363599
-0.137472 10.363599
0.140366 10.825389
-0.140366 10.825389
0.143260 11.288416
-0.143260 11.288416
0.146154 11.752360
-0.146154 11.752360
0.149048 12.216884
-0.149048 12.216884
0.151943 12.681636
-0.151943 12.681636
0.154837 13.146253
-0.154837 13.146253
0.157731 13.610359
-0.157731 13.610359
0.160625 14.073570
-0.160625 14.073570
0.163519 14.535489
-0.163519 14.535489
0.166413 14.995714
-0.166413 14.995714
0.169307 15.453832
-0.169307 15.453832
0.172202 15.909424
-0.172202 15.909424
0.175096 16.362064
-0.175096 16.362064
0.177990 16.811320
-0.177990 16.811320
0.180884 17.256755
-0.180884 17.256755
0.183778 17.697924
-0.183778 17.697924
0.186672 18.134381
-0.186672 18.134381
0.189566 18.565672
-0.189566 18.565672
0.192461 18.991343
-0.192461 18.991343
0.195355 19.410934
-0.195355 19.410934
0.198249 19.823984
-0.198249 19.823984
0.201143 20.230029
-0.201143 20.230029
0.204037 20.628604
-0.204037 20.628604
0.206931 21.019244
-0.206931 21.019244
0.209825 21.401484
-0.209825 21.401484
0.212720 21.774860
-0.212720 21.774860
0.215614 22.138908
-0.215614 22.138908
0.218508 22.493169
-0.218508 22.493169
0.221402 22.837186
-0.221402 22.837186
0.224296 23.170508
-0.224296 23.170508
0.227190 23.492689
-0.227190 23.492689
0.230084 23.803289
-0.230084 23.803289
0.232979 24.101877
-0.232979 24.101877
0.235873 24.388031
-0.235873 24.388031
0.238767 24.661339
-0.238767 24.661339
0.241661 24.921403
-0.241661 24.921403
0.244555 25.167834
-0.244555 25.167834
0.247449 25.400262
-0.247449 25.400262
0.250343 25.618330
-0.250343 25.618330
0.253238 25.821698
-0.253238 25.821698
0.256132 26.010047
-0.256132 26.010047
0.259026 26.183075
-0.259026 26.183075
0.261920 26.340504
-0.261920 26.340504
0.264814 26.482076
-0.264814 26.482076
0.267708 26.607558
-0.267708 26.607558
0.270602 26.716741
-0.270602 26.716741
0.273497 26.809442
-0.273497 26.809442
0.276391 26.885504
-0.276391 26.885504
0.279285 26.944799
-0.279285 26.944799
0.282179 26.987226
-0.282179 26.987226
0.285073 27.012711
-0.285073 27.012711
0.287967 27.021210
-0.287967 114.725614
-0.287967 114.733956
0.287967 114.733956
-0.285073 114.758973
0.285073 114.758973
-0.282179 114.800629
0.282179 114.800629
-0.279285 114.858867
0.279285 114.858867
-0.276391 114.933607
0.276391 114.933607
-0.273497 115.024745
0.273497 115.024745
-0.270602 115.132160
0.270602 115.132160
-0.267708 115.255705
0.267708 115.255705
-0.264814 115.395218
0.264814 115.395218
-0.261920 115.550515
0.261920 115.550515
-0.259026 115.721396
0.259026 115.721396
-0.256132 115.907643
0.256132 115.907643
-0.253238 116.109023
0.253238 116.109023
-0.250343 116.325288
0.250343 116.325288
-0.247449 116.556180
0.247449 116.556180
-0.244555 116.801424
0.244555 116.801424
-0.241661 117.060740
0.241661 117.060740
-0.238767 117.333834
0.238767 117.333834
-0.235873 117.620408
0.235873 117.620408
-0.232979 117.920155
0.232979 117.920155
-0.230084 118.232762
0.230084 118.232762
-0.227190 118.557913
0.227190 118.557913
-0.224296 118.895287
0.224296 118.895287
-0.221402 119.244563
0.221402 119.244563
-0.218508 119.605416
0.218508 119.605416
-0.215614 119.977521
0.215614 119.977521
-0.212720 120.360555
0.212720 120.360555
-0.209825 120.754193
0.209825 120.754193
-0.206931 121.158114
0.206931 121.158114
-0.204037 121.571997
0.204037 121.571997
-0.201143 121.995526
0.201143 121.995526
-0.198249 122.428387
0.198249 122.428387
-0.195355 122.870267
0.195355 122.870267
-0.192461 123.320861
0.192461 123.320861
-0.189566 123.779864
0.189566 123.779864
-0.186672 124.246977
0.186672 124.246977
-0.183778 124.721904
0.183778 124.721904
-0.180884 125.204353
0.180884 125.204353
-0.177990 125.694037
0.177990 125.694037
-0.175096 126.190671
0.175096 126.190671
-0.172202 126.693973
0.172202 126.693973
-0.169307 127.203668
0.169307 127.203668
-0.166413 127.719479
0.166413 127.719479
-0.163519 128.241135
0.163519 128.241135
-0.160625 128.768364
0.160625 128.768364
-0.157731 129.300898
0.157731 129.300898
-0.154837 129.838470
0.154837 129.838470
-0.151943 130.380810
0.151943 130.380810
-0.149048 130.927651
0.149048 130.927651
-0.146154 131.478724
0.146154 131.478724
-0.143260 132.033757
0.143260 132.033757
-0.140366 132.592476
0.140366 132.592476
-0.137472 133.154602
0.137472 133.154602
-0.134578 133.719853
0.134578 133.719853
-0.131684 134.287940
0.131684 134.287940
-0.128789 134.858566
0.128789 134.858566
-0.125895 135.431429
0.125895 135.431429
-0.123001 136.006213
0.123001 136.006213
-0.120107 136.582594
0.120107 136.582594
-0.117213 137.160234
0.117213 137.160234
-0.114319 137.738783
0.114319 137.738783
-0.111425 138.317872
0.111425 138.317872
-0.108530 138.897116
0.108530 138.897116
-0.105636 139.476112
0.105636 139.476112
-0.102742 140.054434
0.102742 140.054434
-0.099848 140.631633
0.099848 140.631633
-0.096954 141.207233
0.096954 141.207233
-0.094060 141.780732
0.094060 141.780732
-0.091166 142.351597
0.091166 142.351597
-0.088271 142.919262
0.088271 142.919262
-0.085377 143.483125
0.085377 143.483125
-0.082483 144.042548
0.082483 144.042548
-0.079589 144.596852
0.079589 144.596852
-0.076695 145.145313
0.076695 145.145313
-0.073801 145.687163
0.073801 145.687163
-0.070907 146.221588
0.070907 146.221588
-0.068012 146.747722
0.068012 146.747722
-0.065118 147.264646
0.065118 147.264646
-0.062224 147.771391
0.062224 147.771391
-0.059330 148.266932
0.059330 148.266932
-0.056436 148.750190
0.056436 148.750190
-0.053542 149.220034
0.053542 149.220034
-0.050648 149.675278
0.050648 149.675278
-0.047753 150.114690
0.047753 150.114690
-0.044859 150.536991
0.044859 150.536991
-0.041965 150.940867
0.041965 150.940867
-0.039071 151.324971
0.039071 151.324971
-0.036177 151.687934
0.036177 151.687934
-0.033283 152.028382
0.033283 152.028382
-0.030389 152.344943
0.030389 152.344943
-0.027494 152.636269
0.027494 152.636269
-0.024600 152.901049
0.024600 152.901049
-0.021706 153.138033
0.021706 153.138033
-0.018812 153.346051
0.018812 153.346051
-0.015918 153.524033
0.015918 153.524033
-0.013024 153.671030
0.013024 153.671030
-0.010130 153.786235
0.010130 153.786235
-0.007235 153.869002
0.007235 153.869002
-0.004341 153.918854
0.004341 153.918854
-0.001447 153.935504
0.001447 201.243870
0.001447 201.265431
-0.001447 201.265431
0.004341 201.330013
-0.004341 201.330013
0.007235 201.437313
-0.007235 201.437313
0.010130 201.586839
-0.010130 201.586839
0.013024 201.777914
-0.013024 201.777914
0.015918 202.009696
-0.015918 202.009696
0.018812 202.281191
-0.018812 202.281191
0.021706 202.591280
-0.021706 202.591280
0.024600 202.938731
-0.024600 202.938731
0.027494 203.322228
-0.027494 203.322228
0.030389 203.740386
-0.030389 203.740386
0.033283 204.191774
-0.033283 204.191774
0.036177 204.674933
-0.036177 204.674933
0.039071 205.188391
-0.039071 205.188391
0.041965 205.730676
-0.041965 205.730676
0.044859 206.300332
-0.044859 206.300332
0.047753 206.895927
-0.047753 206.895927
0.050648 207.516059
-0.050648 207.516059
0.053542 208.159366
-0.053542 208.159366
0.056436 208.824529
-0.056436 208.824529
0.059330 209.510272
-0.059330 209.510272
0.062224 210.215371
-0.062224 210.215371
0.065118 210.938647
-0.065118 210.938647
0.068012 211.678973
-0.068012 211.678973
0.070907 212.435267
-0.070907 212.435267
0.073801 213.206495
-0.073801 213.206495
0.076695 213.991668
-0.076695 213.991668
0.079589 214.789842
-0.079589 214.789842
0.082483 215.600111
-0.082483 215.600111
0.085377 216.421611
-0.085377 216.421611
0.088271 217.253512
-0.088271 217.253512
0.091166 218.095018
-0.091166 218.095018
0.094060 218.945367
-0.094060 218.945367
0.096954 219.803825
-0.096954 219.803825
0.099848 220.669685
-0.099848 220.669685
0.102742 221.542264
-0.102742 221.542264
0.105636 222.420904
-0.105636 222.420904
0.108530 223.304965
-0.108530 223.304965
0.111425 224.193827
-0.111425 224.193827
0.114319 225.086888
-0.114319 225.086888
0.117213 225.983558
-0.117213 225.983558
0.120107 226.883263
-0.120107 226.883263
0.123001 227.785438
-0.123001 227.785438
0.125895 228.689531
-0.125895 228.689531
0.128789 229.594997
-0.128789 229.594997
0.131684 230.501297
-0.131684 230.501297
0.134578 231.407899
-0.134578 231.407899
0.137472 232.314276
-0.137472 232.314276
0.140366 233.219904
-0.140366 233.219904
0.143260 234.124259
-0.143260 234.124259
0.146154 235.026819
-0.146154 235.026819
0.149048 235.927062
-0.149048 235.927062
0.151943 236.824464
-0.151943 236.824464
0.154837 237.718498
-0.154837 237.718498
0.157731 238.608633
-0.157731 238.608633
0.160625 239.494336
-0.160625 239.494336
0.163519 240.375063
-0.163519 240.375063
0.166413 241.250267
-0.166413 241.250267
0.169307 242.119393
-0.169307 242.119393
0.172202 242.981875
-0.172202 242.981875
0.175096 243.837140
-0.175096 243.837140
0.177990 244.684602
-0.177990 244.684602
0.180884 245.523665
-0.180884 245.523665
0.183778 246.353719
-0.183778 246.353719
0.186672 247.174143
-0.186672 247.174143
0.189566 247.984301
-0.189566 247.984301
0.192461 248.783541
-0.192461 248.783541
0.195355 249.571199
-0.195355 249.571199
0.198249 250.346592
-0.198249 250.346592
0.201143 251.109022
-0.201143 251.109022
0.204037 251.857776
-0.204037 251.857776
0.206931 252.592123
-0.206931 252.592123
0.209825 253.311315
-0.209825 253.311315
0.212720 254.014590
-0.212720 254.014590
0.215614 254.701167
-0.215614 254.701167
0.218508 255.370251
-0.218508 255.370251
0.221402 256.021035
-0.221402 256.021035
0.224296 256.652695
-0.224296 256.652695
0.227190 257.264399
-0.227190 257.264399
0.230084 257.855304
-0.230084 257.855304
0.232979 258.424560
-0.232979 258.424560
0.235873 258.971312
-0.235873 258.971312
0.238767 259.494705
-0.238767 259.494705
0.241661 259.993885
-0.241661 259.993885
0.244555 260.468006
-0.244555 260.468006
0.247449 260.916232
-0.247449 260.916232
0.250343 261.337741
-0.250343 261.337741
0.253238 261.731734
-0.253238 261.731734
0.256132 262.097438
-0.256132 262.097438
0.259026 262.434110
-0.259026 262.434110
0.261920 262.741047
-0.261920 262.741047
0.264814 263.017590
-0.264814 263.017590
0.267708 263.263128
-0.267708 263.263128
0.270602 263.477108
-0.270602 263.477108
0.273497 263.659037
-0.273497 263.659037
0.276391 263.808487
-0.276391 263.808487
0.279285 263.925103
-0.279285 263.925103
0.282179 264.008603
-0.282179 264.008603
0.285073 264.058786
-0.285073 264.058786
0.287967 264.075527
-0.287967 333.608207
-0.287967 333.619278
0.287967 333.619278
-0.285073 333.652450
0.285073 333.652450
-0.282179 333.707605
0.282179 333.707605
-0.279285 333.784548
0.279285 333.784548
-0.276391 333.883010
0.276391 333.883010
-0.273497 334.002649
0.273497 334.002649
-0.270602 334.143055
0.270602 334.143055
-0.267708 334.303756
0.267708 334.303756
-0.264814 334.484223
0.264814 334.484223
-0.261920 334.683873
0.261920 334.683873
-0.259026 334.902077
0.259026 334.902077
-0.256132 335.138165
0.256132 335.138165
-0.253238 335.391433
0.253238 335.391433
-0.250343 335.661148
0.250343 335.661148
-0.247449 335.946554
0.247449 335.946554
-0.244555 336.246878
0.244555 336.246878
-0.241661 336.561334
0.241661 336.561334
-0.238767 336.889132
0.238767 336.889132
-0.235873 337.229474
0.235873 337.229474
-0.232979 337.581568
0.232979 337.581568
-0.230084 337.944624
0.230084 337.944624
-0.227190 338.317861
0.227190 338.317861
-0.224296 338.700510
0.224296 338.700510
-0.221402 339.091814
0.221402 339.091814
-0.218508 339.491032
0.218508 339.491032
-0.215614 339.897441
0.215614 339.897441
-0.212720 340.310333
0.212720 340.310333
-0.209825 340.729024
0.209825 340.729024
-0.206931 341.152847
0.206931 341.152847
-0.204037 341.581157
0.204037 341.581157
-0.201143 342.013329
0.201143 342.013329
-0.198249 342.448762
0.198249 342.448762
-0.195355 342.886873
0.195355 342.886873
-0.192461 343.327103
0.192461 343.327103
-0.189566 343.768911
0.189566 343.768911
-0.186672 344.211780
0.186672 344.211780
-0.183778 344.655209
0.183778 344.655209
-0.180884 345.098721
0.180884 345.098721
-0.177990 345.541854
0.177990 345.541854
-0.175096 345.984169
0.175096 345.984169
-0.172202 346.425241
0.172202 346.425241
-0.169307 346.864665
0.169307 346.864665
-0.166413 347.302052
0.166413 347.302052
-0.163519 347.737029
0.163519 347.737029
-0.160625 348.169239
0.160625 348.169239
-0.157731 348.598339
0.157731 348.598339
-0.154837 349.024001
0.154837 349.024001
-0.151943 349.445913
0.151943 349.445913
-0.149048 349.863772
0.149048 349.863772
-0.146154 350.277291
0.146154 350.277291
-0.143260 350.686194
0.143260 350.686194
-0.140366 351.090217
0.140366 351.090217
-0.137472 351.489107
0.137472 351.489107
-0.134578 351.882621
0.134578 351.882621
-0.131684 352.270527
0.131684 352.270527
-0.128789 352.652604
0.128789 352.652604
-0.125895 353.028639
0.125895 353.028639
-0.123001 353.398427
0.123001 353.398427
-0.120107 353.761774
0.120107 353.761774
-0.117213 354.118492
0.117213 354.118492
-0.114319 354.468403
0.114319 354.468403
-0.111425 354.811336
0.111425 354.811336
-0.108530 355.147126
0.108530 355.147126
-0.105636 355.475617
0.105636 355.475617
-0.102742 355.796658
0.102742 355.796658
-0.099848 356.110107
0.099848 356.110107
-0.096954 356.415825
0.096954 356.415825
-0.094060 356.713682
0.094060 356.713682
-0.091166 357.003551
0.091166 357.003551
-0.088271 357.285313
0.088271 357.285313
-0.085377 357.558854
0.085377 357.558854
-0.082483 357.824065
0.082483 357.824065
-0.079589 358.080840
0.079589 358.080840
-0.076695 358.329081
0.076695 358.329081
-0.073801 358.568694
0.073801 358.568694
-0.070907 358.799589
0.070907 358.799589
-0.068012 359.021679
0.068012 359.021679
-0.065118 359.234885
0.065118 359.234885
-0.062224 359.439129
0.062224 359.439129
-0.059330 359.634339
0.059330 359.634339
-0.056436 359.820445
0.056436 359.820445
-0.053542 359.997383
0.053542 359.997383
-0.050648 360.165093
0.050648 360.165093
-0.047753 360.323516
0.047753 360.323516
-0.044859 360.472599
0.044859 360.472599
-0.041965 360.612293
0.041965 360.612293
-0.039071 360.742551
0.039071 360.742551
-0.036177 360.863330
0.036177 360.863330
-0.033283 360.974589
0.033283 360.974589
-0.030389 361.076294
0.030389 361.076294
-0.027494 361.168411
0.027494 361.168411
-0.024600 361.250911
0.024600 361.250911
-0.021706 361.323766
0.021706 361.323766
-0.018812 361.386954
0.018812 361.386954
-0.015918 361.440455
0.015918 361.440455
-0.013024 361.484251
0.013024 361.484251
-0.010130 361.518329
0.010130 361.518329
-0.007235 361.542678
0.007235 361.542678
-0.004341 361.557291
0.004341 361.557291
-0.001447 361.562162
