###############################################################
#Number of atoms in chain 800
#Number of cells 200
#Short Pt-X force constant 170.000000 N/M
#Long Pt-X force constant 35.000000 N/M
#Short X-X force constant 0.000000 N/M
#Long X-X force constant 0.000000 N/M
#Pt-Pt force constant 0.000000 N/M
#Distance between atom pair 3.100190 x10^-10 M
#Temperature 298.000000 K
#Acoustic MSRD 0.00490683 x10^-20 M^2
#Nu3 Optical MSRD 0.00515126 x10^-20 M^2
#Nu1 Optical MSRD 0.00125337 x10^-20 M^2
#Nu2 Optical MSRD 0.000808051 x10^-20 M^2
#Total MSRD 0.0121195 x10^-20 M^2
###############################################################
0.000000 0.000004
0.001447 0.726092
-0.001447 0.726092
0.004341 1.452147
-0.004341 1.452147
0.007235 2.178130
-0.007235 2.178130
0.010130 2.904004
-0.010130 2.904004
0.013024 3.629733
-0.013024 3.629733
0.015918 4.355281
-0.015918 4.355281
0.018812 5.080610
-0.018812 5.080610
0.021706 5.805686
-0.021706 5.805686
0.024600 6.530471
-0.024600 6.530471
0.027494 7.254929
-0.027494 7.254929
0.030389 7.979024
-0.030389 7.979024
0.033283 8.702719
-0.033283 8.702719
0.036177 9.425977
-0.036177 9.425977
0.039071 10.148762
-0.039071 10.148762
0.041965 10.871037
-0.041965 10.871037
0.044859 11.592765
-0.044859 11.592765
0.047753 12.313910
-0.047753 12.313910
0.050648 13.034434
-0.050648 13.034434
0.053542 13.754301
-0.053542 13.754301
0.056436 14.473473
-0.056436 14.473473
0.059330 15.191913
-0.059330 15.191913
0.062224 15.909584
-0.062224 15.909584
0.065118 16.626448
-0.065118 16.626448
0.068012 17.342467
-0.068012 17.342467
0.070907 18.057605
-0.070907 18.057605
0.073801 18.771822
-0.073801 18.771822
0.076695 19.485082
-0.076695 19.485082
0.079589 20.197345
-0.079589 20.197345
0.082483 20.908574
-0.082483 20.908574
0.085377 21.618729
-0.085377 21.618729
0.088271 22.327773
-0.088271 22.327773
0.091166 23.035665
-0.091166 23.035665
0.094060 23.742367
-0.094060 23.742367
0.096954 24.447840
-0.096954 24.447840
0.099848 25.152043
-0.099848 25.152043
0.102742 25.854937
-0.102742 25.854937
0.105636 26.556481
-0.105636 26.556481
0.108530 27.256635
-0.108530 27.256635
0.111425 27.955357
-0.111425 27.955357
0.114319 28.652607
-0.114319 28.652607
0.117213 29.348343
-0.117213 29.348343
0.120107 30.042521
-0.120107 30.042521
0.123001 30.735101
-0.123001 30.735101
0.125895 31.426038
-0.125895 31.426038
0.128789 32.115289
-0.128789 32.115289
0.131684 32.802811
-0.131684 32.802811
0.134578 33.488556
-0.134578 33.488556
0.137472 34.172482
-0.137472 34.172482
0.140366 34.854540
-0.140366 34.854540
0.143260 35.534684
-0.143260 35.534684
0.146154 36.212867
-0.146154 36.212867
0.149048 36.889038
-0.149048 36.889038
0.151943 37.563148
-0.151943 37.563148
0.154837 38.235146
-0.154837 38.235146
0.157731 38.904979
-0.157731 38.904979
0.160625 39.572594
-0.160625 39.572594
0.163519 40.237935
-0.163519 40.237935
0.166413 40.900945
-0.166413 40.900945
0.169307 41.561565
-0.169307 41.561565
0.172202 42.219733
-0.172202 42.219733
0.175096 42.875385
-0.175096 42.875385
0.177990 43.528457
-0.177990 43.528457
0.180884 44.178877
-0.180884 44.178877
0.183778 44.826573
-0.183778 44.826573
0.186672 45.471468
-0.186672 45.471468
0.189566 46.113481
-0.189566 46.113481
0.192461 46.752526
-0.192461 46.752526
0.195355 47.388511
-0.195355 47.388511
0.198249 48.021337
-0.198249 48.021337
0.201143 48.650897
-0.201143 48.650897
0.204037 49.277077
-0.204037 49.277077
0.206931 49.899751
-0.206931 49.899751
0.209825 50.518781
-0.209825 50.518781
0.212720 51.134015
-0.212720 51.134015
0.215614 51.745286
-0.215614 51.745286
0.218508 52.352404
-0.218508 52.352404
0.221402 52.955157
-0.221402 52.955157
0.224296 53.553306
-0.224296 53.553306
0.227190 54.146574
-0.227190 54.146574
0.230084 54.734647
-0.230084 54.734647
0.232979 55.317156
-0.232979 55.317156
0.235873 55.893671
-0.235873 55.893671
0.238767 56.463685
-0.238767 56.463685
0.241661 57.026591
-0.241661 57.026591
0.244555 57.581663
-0.244555 57.581663
0.247449 58.128017
-0.247449 58.128017
0.250343 58.664573
-0.250343 58.664573
0.253238 59.189993
-0.253238 59.189993
0.256132 59.702611
-0.256132 59.702611
0.259026 60.200334
-0.259026 60.200334
0.261920 60.680508
-0.261920 60.680508
0.264814 61.139763
-0.264814 61.139763
0.267708 61.573805
-0.267708 61.573805
0.270602 61.977193
-0.270602 61.977193
0.273497 62.343124
-0.273497 62.343124
0.276391 62.663326
-0.276391 62.663326
0.279285 62.928213
-0.279285 62.928213
0.282179 63.127558
-0.282179 63.127558
0.285073 63.251835
-0.285073 63.251835
0.287967 63.294114
-0.287967 70.670661
-0.287967 70.709223
0.287967 70.709223
-0.285073 70.822350
0.285073 70.822350
-0.282179 71.003110
0.282179 71.003110
-0.279285 71.241979
0.279285 71.241979
-0.276391 71.528727
0.276391 71.528727
-0.273497 71.853772
0.273497 71.853772
-0.270602 72.208838
0.270602 72.208838
-0.267708 72.587124
0.267708 72.587124
-0.264814 72.983187
0.264814 72.983187
-0.261920 73.392734
0.261920 73.392734
-0.259026 73.812393
0.259026 73.812393
-0.256132 74.239513
0.256132 74.239513
-0.253238 74.671997
0.253238 74.671997
-0.250343 75.108179
0.250343 75.108179
-0.247449 75.546724
0.247449 75.546724
-0.244555 75.986547
0.244555 75.986547
-0.241661 76.426767
0.241661 76.426767
-0.238767 76.866655
0.238767 76.866655
-0.235873 77.305606
0.235873 77.305606
-0.232979 77.743110
0.232979 77.743110
-0.230084 78.178738
0.230084 78.178738
-0.227190 78.612122
0.227190 78.612122
-0.224296 79.042944
0.224296 79.042944
-0.221402 79.470930
0.221402 79.470930
-0.218508 79.895839
0.218508 79.895839
-0.215614 80.317458
0.215614 80.317458
-0.212720 80.735599
0.212720 80.735599
-0.209825 81.150094
0.209825 81.150094
-0.206931 81.560791
0.206931 81.560791
-0.204037 81.967551
0.204037 81.967551
-0.201143 82.370250
0.201143 82.370250
-0.198249 82.768773
0.198249 82.768773
-0.195355 83.163013
0.195355 83.163013
-0.192461 83.552872
0.192461 83.552872
-0.189566 83.938260
0.189566 83.938260
-0.186672 84.319090
0.186672 84.319090
-0.183778 84.695282
0.183778 84.695282
-0.180884 85.066760
0.180884 85.066760
-0.177990 85.433453
0.177990 85.433453
-0.175096 85.795293
0.175096 85.795293
-0.172202 86.152214
0.172202 86.152214
-0.169307 86.504156
0.169307 86.504156
-0.166413 86.851059
0.166413 86.851059
-0.163519 87.192865
0.163519 87.192865
-0.160625 87.529521
0.160625 87.529521
-0.157731 87.860973
0.157731 87.860973
-0.154837 88.187171
0.154837 88.187171
-0.151943 88.508066
0.151943 88.508066
-0.149048 88.823610
0.149048 88.823610
-0.146154 89.133757
0.146154 89.133757
-0.143260 89.438463
0.143260 89.438463
-0.140366 89.737683
0.140366 89.737683
-0.137472 90.031376
0.137472 90.031376
-0.134578 90.319501
0.134578 90.319501
-0.131684 90.602017
0.131684 90.602017
-0.128789 90.878887
0.128789 90.878887
-0.125895 91.150072
0.125895 91.150072
-0.123001 91.415535
0.123001 91.415535
-0.120107 91.675241
0.120107 91.675241
-0.117213 91.929154
0.117213 91.929154
-0.114319 92.177241
0.114319 92.177241
-0.111425 92.419469
0.111425 92.419469
-0.108530 92.655804
0.108530 92.655804
-0.105636 92.886217
0.105636 92.886217
-0.102742 93.110676
0.102742 93.110676
-0.099848 93.329152
0.099848 93.329152
-0.096954 93.541616
0.096954 93.541616
-0.094060 93.748040
0.094060 93.748040
-0.091166 93.948396
0.091166 93.948396
-0.088271 94.142658
0.088271 94.142658
-0.085377 94.330802
0.085377 94.330802
-0.082483 94.512801
0.082483 94.512801
-0.079589 94.688632
0.079589 94.688632
-0.076695 94.858272
0.076695 94.858272
-0.073801 95.021698
0.073801 95.021698
-0.070907 95.178890
0.070907 95.178890
-0.068012 95.329826
0.068012 95.329826
-0.065118 95.474486
0.065118 95.474486
-0.062224 95.612852
0.062224 95.612852
-0.059330 95.744904
0.059330 95.744904
-0.056436 95.870627
0.056436 95.870627
-0.053542 95.990002
0.053542 95.990002
-0.050648 96.103015
0.050648 96.103015
-0.047753 96.209651
0.047753 96.209651
-0.044859 96.309894
0.044859 96.309894
-0.041965 96.403733
0.041965 96.403733
-0.039071 96.491154
0.039071 96.491154
-0.036177 96.572146
0.036177 96.572146
-0.033283 96.646699
0.033283 96.646699
-0.030389 96.714802
0.030389 96.714802
-0.027494 96.776446
0.027494 96.776446
-0.024600 96.831623
0.024600 96.831623
-0.021706 96.880326
0.021706 96.880326
-0.018812 96.922549
0.018812 96.922549
-0.015918 96.958285
0.015918 96.958285
-0.013024 96.987530
0.013024 96.987530
-0.010130 97.010281
0.010130 97.010281
-0.007235 97.026533
0.007235 97.026533
-0.004341 97.036286
0.004341 97.036286
-0.001447 97.039536
0.001447 313.266829
0.001447 313.267252
-0.001447 313.267252
0.004341 313.268521
-0.004341 313.268521
0.007235 313.270635
-0.007235 313.270635
0.010130 313.273591
-0.010130 313.273591
0.013024 313.277388
-0.013024 313.277388
0.015918 313.282021
-0.015918 313.282021
0.018812 313.287485
-0.018812 313.287485
0.021706 313.293777
-0.021706 313.293777
0.024600 313.300890
-0.024600 313.300890
0.027494 313.308816
-0.027494 313.308816
0.030389 313.317550
-0.030389 313.317550
0.033283 313.327082
-0.033283 313.327082
0.036177 313.337404
-0.036177 313.337404
0.039071 313.348505
-0.039071 313.348505
0.041965 313.360375
-0.041965 313.360375
0.044859 313.373004
-0.044859 313.373004
0.047753 313.386378
-0.047753 313.386378
0.050648 313.400486
-0.050648 313.400486
0.053542 313.415314
-0.053542 313.415314
0.056436 313.430848
-0.056436 313.430848
0.059330 313.447073
-0.059330 313.447073
0.062224 313.463974
-0.062224 313.463974
0.065118 313.481535
-0.065118 313.481535
0.068012 313.499739
-0.068012 313.499739
0.070907 313.518568
-0.070907 313.518568
0.073801 313.538005
-0.073801 313.538005
0.076695 313.558032
-0.076695 313.558032
0.079589 313.578629
-0.079589 313.578629
0.082483 313.599776
-0.082483 313.599776
0.085377 313.621454
-0.085377 313.621454
0.088271 313.643641
-0.088271 313.643641
0.091166 313.666316
-0.091166 313.666316
0.094060 313.689458
-0.094060 313.689458
0.096954 313.713044
-0.096954 313.713044
0.099848 313.737051
-0.099848 313.737051
0.102742 313.761457
-0.102742 313.761457
0.105636 313.786238
-0.105636 313.786238
0.108530 313.811370
-0.108530 313.811370
0.111425 313.836829
-0.111425 313.836829
0.114319 313.862590
-0.114319 313.862590
0.117213 313.888628
-0.117213 313.888628
0.120107 313.914917
-0.120107 313.914917
0.123001 313.941433
-0.123001 313.941433
0.125895 313.968150
-0.125895 313.968150
0.128789 313.995041
-0.128789 313.995041
0.131684 314.022080
-0.131684 314.022080
0.134578 314.049241
-0.134578 314.049241
0.137472 314.076497
-0.137472 314.076497
0.140366 314.103822
-0.140366 314.103822
0.143260 314.131188
-0.143260 314.131188
0.146154 314.158569
-0.146154 314.158569
0.149048 314.185937
-0.149048 314.185937
0.151943 314.213267
-0.151943 314.213267
0.154837 314.240529
-0.154837 314.240529
0.157731 314.267699
-0.157731 314.267699
0.160625 314.294748
-0.160625 314.294748
0.163519 314.321650
-0.163519 314.321650
0.166413 314.348379
-0.166413 314.348379
0.169307 314.374906
-0.169307 314.374906
0.172202 314.401207
-0.172202 314.401207
0.175096 314.427254
-0.175096 314.427254
0.177990 314.453022
-0.177990 314.453022
0.180884 314.478484
-0.180884 314.478484
0.183778 314.503616
-0.183778 314.503616
0.186672 314.528392
-0.186672 314.528392
0.189566 314.552786
-0.189566 314.552786
0.192461 314.576774
-0.192461 314.576774
0.195355 314.600333
-0.195355 314.600333
0.198249 314.623437
-0.198249 314.623437
0.201143 314.646064
-0.201143 314.646064
0.204037 314.668191
-0.204037 314.668191
0.206931 314.689795
-0.206931 314.689795
0.209825 314.710854
-0.209825 314.710854
0.212720 314.731346
-0.212720 314.731346
0.215614 314.751251
-0.215614 314.751251
0.218508 314.770549
-0.218508 314.770549
0.221402 314.789218
-0.221402 314.789218
0.224296 314.807242
-0.224296 314.807242
0.227190 314.824599
-0.227190 314.824599
0.230084 314.841274
-0.230084 314.841274
0.232979 314.857249
-0.232979 314.857249
0.235873 314.872507
-0.235873 314.872507
0.238767 314.887032
-0.238767 314.887032
0.241661 314.900810
-0.241661 314.900810
0.244555 314.913825
-0.244555 314.913825
0.247449 314.926066
-0.247449 314.926066
0.250343 314.937519
-0.250343 314.937519
0.253238 314.948172
-0.253238 314.948172
0.256132 314.958014
-0.256132 314.958014
0.259026 314.967034
-0.259026 314.967034
0.261920 314.975225
-0.261920 314.975225
0.264814 314.982576
-0.264814 314.982576
0.267708 314.989080
-0.267708 314.989080
0.270602 314.994731
-0.270602 314.994731
0.273497 314.999523
-0.273497 314.999523
0.276391 315.003450
-0.276391 315.003450
0.279285 315.006509
-0.279285 315.006509
0.282179 315.008696
-0.282179 315.008696
0.285073 315.010010
-0.285073 315.010010
0.287967 315.010447
-0.287967 351.723015
-0.287967 351.723262
0.287967 351.723262
-0.285073 351.724005
0.285073 351.724005
-0.282179 351.725242
0.282179 351.725242
-0.279285 351.726972
0.279285 351.726972
-0.276391 351.729192
0.276391 351.729192
-0.273497 351.731901
0.273497 351.731901
-0.270602 351.735096
0.270602 351.735096
-0.267708 351.738772
0.267708 351.738772
-0.264814 351.742927
0.264814 351.742927
-0.261920 351.747554
0.261920 351.747554
-0.259026 351.752650
0.259026 351.752650
-0.256132 351.758208
0.256132 351.758208
-0.253238 351.764222
0.253238 351.764222
-0.250343 351.770687
0.250343 351.770687
-0.247449 351.777594
0.247449 351.777594
-0.244555 351.784936
0.244555 351.784936
-0.241661 351.792705
0.241661 351.792705
-0.238767 351.800892
0.238767 351.800892
-0.235873 351.809489
0.235873 351.809489
-0.232979 351.818487
0.232979 351.818487
-0.230084 351.827874
0.230084 351.827874
-0.227190 351.837642
0.227190 351.837642
-0.224296 351.847780
0.224296 351.847780
-0.221402 351.858277
0.221402 351.858277
-0.218508 351.869121
0.218508 351.869121
-0.215614 351.880301
0.215614 351.880301
-0.212720 351.891805
0.212720 351.891805
-0.209825 351.903621
0.209825 351.903621
-0.206931 351.915735
0.206931 351.915735
-0.204037 351.928136
0.204037 351.928136
-0.201143 351.940810
0.201143 351.940810
-0.198249 351.953744
0.198249 351.953744
-0.195355 351.966924
0.195355 351.966924
-0.192461 351.980337
0.192461 351.980337
-0.189566 351.993968
0.189566 351.993968
-0.186672 352.007803
0.186672 352.007803
-0.183778 352.021828
0.183778 352.021828
-0.180884 352.036028
0.180884 352.036028
-0.177990 352.050389
0.177990 352.050389
-0.175096 352.064896
0.175096 352.064896
-0.172202 352.079535
0.172202 352.079535
-0.169307 352.094290
0.169307 352.094290
-0.166413 352.109146
0.166413 352.109146
-0.163519 352.124088
0.163519 352.124088
-0.160625 352.139102
0.160625 352.139102
-0.157731 352.154172
0.157731 352.154172
-0.154837 352.169283
0.154837 352.169283
-0.151943 352.184421
0.151943 352.184421
-0.149048 352.199569
0.149048 352.199569
-0.146154 352.214714
0.146154 352.214714
-0.143260 352.229839
0.143260 352.229839
-0.140366 352.244932
0.140366 352.244932
-0.137472 352.259975
0.137472 352.259975
-0.134578 352.274956
0.134578 352.274956
-0.131684 352.289859
0.131684 352.289859
-0.128789 352.304671
0.128789 352.304671
-0.125895 352.319376
0.125895 352.319376
-0.123001 352.333960
0.123001 352.333960
-0.120107 352.348411
0.120107 352.348411
-0.117213 352.362713
0.117213 352.362713
-0.114319 352.376854
0.114319 352.376854
-0.111425 352.390820
0.111425 352.390820
-0.108530 352.404597
0.108530 352.404597
-0.105636 352.418174
0.105636 352.418174
-0.102742 352.431536
0.102742 352.431536
-0.099848 352.444672
0.099848 352.444672
-0.096954 352.457570
0.096954 352.457570
-0.094060 352.470217
0.094060 352.470217
-0.091166 352.482602
0.091166 352.482602
-0.088271 352.494713
0.088271 352.494713
-0.085377 352.506539
0.085377 352.506539
-0.082483 352.518070
0.082483 352.518070
-0.079589 352.529294
0.079589 352.529294
-0.076695 352.540202
0.076695 352.540202
-0.073801 352.550784
0.073801 352.550784
-0.070907 352.561030
0.070907 352.561030
-0.068012 352.570931
0.068012 352.570931
-0.065118 352.580477
0.065118 352.580477
-0.062224 352.589661
0.062224 352.589661
-0.059330 352.598474
0.059330 352.598474
-0.056436 352.606908
0.056436 352.606908
-0.053542 352.614955
0.053542 352.614955
-0.050648 352.622609
0.050648 352.622609
-0.047753 352.629862
0.047753 352.629862
-0.044859 352.636709
0.044859 352.636709
-0.041965 352.643142
0.041965 352.643142
-0.039071 352.649157
0.039071 352.649157
-0.036177 352.654748
0.036177 352.654748
-0.033283 352.659910
0.033283 352.659910
-0.030389 352.664638
0.030389 352.664638
-0.027494 352.668929
0.027494 352.668929
-0.024600 352.672778
0.024600 352.672778
-0.021706 352.676182
0.021706 352.676182
-0.018812 352.679139
0.018812 352.679139
-0.015918 352.681645
0.015918 352.681645
-0.013024 352.683698
0.013024 352.683698
-0.010130 352.685297
0.010130 352.685297
-0.007235 352.686440
0.007235 352.686440
-0.004341 352.687127
0.004341 352.687127
-0.001447 352.687355
