###############################################################
#Number of atoms in chain 800
#Number of cells 200
#Short Pt-X force constant 186.000000 N/M
#Long Pt-X force constant 18.600000 N/M
#Short X-X force constant 0.000000 N/M
#Long X-X force constant 0.000000 N/M
#Pt-Pt force constant 23.000000 N/M
#Distance between atom pair 3.100190 x10^-10 M
#Temperature 298.000000 K
#Acoustic MSRD 0.0043322 x10^-20 M^2
#Nu3 Optical MSRD 0.00462466 x10^-20 M^2
#Nu1 Optical MSRD 0.00122905 x10^-20 M^2
#Nu2 Optical MSRD 0.000718951 x10^-20 M^2
#Total MSRD 0.0109049 x10^-20 M^2
###############################################################
0.000000 0.000003
0.001447 0.851423
-0.001447 0.851423
0.004341 1.702795
-0.004341 1.702795
0.007235 2.554068
-0.007235 2.554068
0.010130 3.405192
-0.010130 3.405192
0.013024 4.256115
-0.013024 4.256115
0.015918 5.106789
-0.015918 5.106789
0.018812 5.957163
-0.018812 5.957163
0.021706 6.807188
-0.021706 6.807188
0.024600 7.656812
-0.024600 7.656812
0.027494 8.505987
-0.027494 8.505987
0.030389 9.354663
-0.030389 9.354663
0.033283 10.202788
-0.033283 10.202788
0.036177 11.050313
-0.036177 11.050313
0.039071 11.897187
-0.039071 11.897187
0.041965 12.743360
-0.041965 12.743360
0.044859 13.588783
-0.044859 13.588783
0.047753 14.433403
-0.047753 14.433403
0.050648 15.277171
-0.050648 15.277171
0.053542 16.120036
-0.053542 16.120036
0.056436 16.961947
-0.056436 16.961947
0.059330 17.802853
-0.059330 17.802853
0.062224 18.642703
-0.062224 18.642703
0.065118 19.481447
-0.065118 19.481447
0.068012 20.319032
-0.068012 20.319032
0.070907 21.155408
-0.070907 21.155408
0.073801 21.990522
-0.073801 21.990522
0.076695 22.824324
-0.076695 22.824324
0.079589 23.656760
-0.079589 23.656760
0.082483 24.487779
-0.082483 24.487779
0.085377 25.317329
-0.085377 25.317329
0.088271 26.145356
-0.088271 26.145356
0.091166 26.971808
-0.091166 26.971808
0.094060 27.796631
-0.094060 27.796631
0.096954 28.619773
-0.096954 28.619773
0.099848 29.441178
-0.099848 29.441178
0.102742 30.260794
-0.102742 30.260794
0.105636 31.078565
-0.105636 31.078565
0.108530 31.894436
-0.108530 31.894436
0.111425 32.708352
-0.111425 32.708352
0.114319 33.520256
-0.114319 33.520256
0.117213 34.330092
-0.117213 34.330092
0.120107 35.137803
-0.120107 35.137803
0.123001 35.943332
-0.123001 35.943332
0.125895 36.746618
-0.125895 36.746618
0.128789 37.547604
-0.128789 37.547604
0.131684 38.346228
-0.131684 38.346228
0.134578 39.142430
-0.134578 39.142430
0.137472 39.936148
-0.137472 39.936148
0.140366 40.727317
-0.140366 40.727317
0.143260 41.515875
-0.143260 41.515875
0.146154 42.301754
-0.146154 42.301754
0.149048 43.084887
-0.149048 43.084887
0.151943 43.865206
-0.151943 43.865206
0.154837 44.642639
-0.154837 44.642639
0.157731 45.417113
-0.157731 45.417113
0.160625 46.188553
-0.160625 46.188553
0.163519 46.956882
-0.163519 46.956882
0.166413 47.722018
-0.166413 47.722018
0.169307 48.483878
-0.169307 48.483878
0.172202 49.242375
-0.172202 49.242375
0.175096 49.997418
-0.175096 49.997418
0.177990 50.748911
-0.177990 50.748911
0.180884 51.496754
-0.180884 51.496754
0.183778 52.240839
-0.183778 52.240839
0.186672 52.981056
-0.186672 52.981056
0.189566 53.717284
-0.189566 53.717284
0.192461 54.449394
-0.192461 54.449394
0.195355 55.177250
-0.195355 55.177250
0.198249 55.900704
-0.198249 55.900704
0.201143 56.619593
-0.201143 56.619593
0.204037 57.333743
-0.204037 57.333743
0.206931 58.042963
-0.206931 58.042963
0.209825 58.747041
-0.209825 58.747041
0.212720 59.445744
-0.212720 59.445744
0.215614 60.138811
-0.215614 60.138811
0.218508 60.825951
-0.218508 60.825951
0.221402 61.506836
-0.221402 61.506836
0.224296 62.181095
-0.224296 62.181095
0.227190 62.848303
-0.227190 62.848303
0.230084 63.507975
-0.230084 63.507975
0.232979 64.159549
-0.232979 64.159549
0.235873 64.802374
-0.235873 64.802374
0.238767 65.435688
-0.238767 65.435688
0.241661 66.058595
-0.241661 66.058595
0.244555 66.670033
-0.244555 66.670033
0.247449 67.268740
-0.247449 67.268740
0.250343 67.853204
-0.250343 67.853204
0.253238 68.421609
-0.253238 68.421609
0.256132 68.971762
-0.256132 68.971762
0.259026 69.501009
-0.259026 69.501009
0.261920 70.006144
-0.261920 70.006144
0.264814 70.483302
-0.264814 70.483302
0.267708 70.927859
-0.267708 70.927859
0.270602 71.334367
-0.270602 71.334367
0.273497 71.696549
-0.273497 71.696549
0.276391 72.007433
-0.276391 72.007433
0.279285 72.259684
-0.279285 72.259684
0.282179 72.446188
-0.282179 72.446188
0.285073 72.560868
-0.285073 72.560868
0.287967 72.599586
-0.287967 83.196168
-0.287967 83.230320
0.287967 83.230320
-0.285073 83.331301
0.285073 83.331301
-0.282179 83.494976
0.282179 83.494976
-0.279285 83.715267
0.279285 83.715267
-0.276391 83.985062
0.276391 83.985062
-0.273497 84.297026
0.273497 84.297026
-0.270602 84.644189
0.270602 84.644189
-0.267708 85.020277
0.267708 85.020277
-0.264814 85.419843
0.264814 85.419843
-0.261920 85.838267
0.261920 85.838267
-0.259026 86.271686
0.259026 86.271686
-0.256132 86.716895
0.256132 86.716895
-0.253238 87.171247
0.253238 87.171247
-0.250343 87.632552
0.250343 87.632552
-0.247449 88.098997
0.247449 88.098997
-0.244555 88.569074
0.244555 88.569074
-0.241661 89.041527
0.241661 89.041527
-0.238767 89.515298
0.238767 89.515298
-0.235873 89.989498
0.235873 89.989498
-0.232979 90.463369
0.232979 90.463369
-0.230084 90.936267
0.230084 90.936267
-0.227190 91.407636
0.227190 91.407636
-0.224296 91.876997
0.224296 91.876997
-0.221402 92.343933
0.221402 92.343933
-0.218508 92.808080
0.218508 92.808080
-0.215614 93.269118
0.215614 93.269118
-0.212720 93.726763
0.212720 93.726763
-0.209825 94.180763
0.209825 94.180763
-0.206931 94.630894
0.206931 94.630894
-0.204037 95.076954
0.204037 95.076954
-0.201143 95.518761
0.201143 95.518761
-0.198249 95.956148
0.198249 95.956148
-0.195355 96.388966
0.195355 96.388966
-0.192461 96.817077
0.192461 96.817077
-0.189566 97.240354
0.189566 97.240354
-0.186672 97.658680
0.186672 97.658680
-0.183778 98.071949
0.183778 98.071949
-0.180884 98.480058
0.180884 98.480058
-0.177990 98.882915
0.177990 98.882915
-0.175096 99.280432
0.175096 99.280432
-0.172202 99.672527
0.172202 99.672527
-0.169307 100.059122
0.169307 100.059122
-0.166413 100.440145
0.166413 100.440145
-0.163519 100.815527
0.163519 100.815527
-0.160625 101.185202
0.160625 101.185202
-0.157731 101.549109
0.157731 101.549109
-0.154837 101.907187
0.154837 101.907187
-0.151943 102.259380
0.151943 102.259380
-0.149048 102.605635
0.149048 102.605635
-0.146154 102.945900
0.146154 102.945900
-0.143260 103.280125
0.143260 103.280125
-0.140366 103.608263
0.140366 103.608263
-0.137472 103.930268
0.137472 103.930268
-0.134578 104.246097
0.134578 104.246097
-0.131684 104.555706
0.131684 104.555706
-0.128789 104.859056
0.128789 104.859056
-0.125895 105.156106
0.125895 105.156106
-0.123001 105.446820
0.123001 105.446820
-0.120107 105.731160
0.120107 105.731160
-0.117213 106.009091
0.117213 106.009091
-0.114319 106.280579
0.114319 106.280579
-0.111425 106.545591
0.111425 106.545591
-0.108530 106.804095
0.108530 106.804095
-0.105636 107.056061
0.105636 107.056061
-0.102742 107.301458
0.102742 107.301458
-0.099848 107.540257
0.099848 107.540257
-0.096954 107.772432
0.096954 107.772432
-0.094060 107.997954
0.094060 107.997954
-0.091166 108.216799
0.091166 108.216799
-0.088271 108.428941
0.088271 108.428941
-0.085377 108.634356
0.085377 108.634356
-0.082483 108.833021
0.082483 108.833021
-0.079589 109.024914
0.079589 109.024914
-0.076695 109.210013
0.076695 109.210013
-0.073801 109.388297
0.073801 109.388297
-0.070907 109.559746
0.070907 109.559746
-0.068012 109.724342
0.068012 109.724342
-0.065118 109.882067
0.065118 109.882067
-0.062224 110.032902
0.062224 110.032902
-0.059330 110.176832
0.059330 110.176832
-0.056436 110.313841
0.056436 110.313841
-0.053542 110.443913
0.053542 110.443913
-0.050648 110.567034
0.050648 110.567034
-0.047753 110.683192
0.047753 110.683192
-0.044859 110.792372
0.044859 110.792372
-0.041965 110.894565
0.041965 110.894565
-0.039071 110.989757
0.039071 110.989757
-0.036177 111.077940
0.036177 111.077940
-0.033283 111.159103
0.033283 111.159103
-0.030389 111.233238
0.030389 111.233238
-0.027494 111.300336
0.027494 111.300336
-0.024600 111.360391
0.024600 111.360391
-0.021706 111.413396
0.021706 111.413396
-0.018812 111.459346
0.018812 111.459346
-0.015918 111.498234
0.015918 111.498234
-0.013024 111.530058
0.013024 111.530058
-0.010130 111.554813
0.010130 111.554813
-0.007235 111.572497
0.007235 111.572497
-0.004341 111.583108
0.004341 111.583108
-0.001447 111.586645
0.001447 312.961053
0.001447 312.961179
-0.001447 312.961179
0.004341 312.961555
-0.004341 312.961555
0.007235 312.962182
-0.007235 312.962182
0.010130 312.963058
-0.010130 312.963058
0.013024 312.964184
-0.013024 312.964184
0.015918 312.965557
-0.015918 312.965557
0.018812 312.967177
-0.018812 312.967177
0.021706 312.969041
-0.021706 312.969041
0.024600 312.971149
-0.024600 312.971149
0.027494 312.973497
-0.027494 312.973497
0.030389 312.976084
-0.030389 312.976084
0.033283 312.978906
-0.033283 312.978906
0.036177 312.981962
-0.036177 312.981962
0.039071 312.985248
-0.039071 312.985248
0.041965 312.988760
-0.041965 312.988760
0.044859 312.992495
-0.044859 312.992495
0.047753 312.996450
-0.047753 312.996450
0.050648 313.000620
-0.050648 313.000620
0.053542 313.005001
-0.053542 313.005001
0.056436 313.009589
-0.056436 313.009589
0.059330 313.014379
-0.059330 313.014379
0.062224 313.019367
-0.062224 313.019367
0.065118 313.024547
-0.065118 313.024547
0.068012 313.029915
-0.068012 313.029915
0.070907 313.035464
-0.070907 313.035464
0.073801 313.041190
-0.073801 313.041190
0.076695 313.047086
-0.076695 313.047086
0.079589 313.053147
-0.079589 313.053147
0.082483 313.059366
-0.082483 313.059366
0.085377 313.065738
-0.085377 313.065738
0.088271 313.072256
-0.088271 313.072256
0.091166 313.078914
-0.091166 313.078914
0.094060 313.085705
-0.094060 313.085705
0.096954 313.092621
-0.096954 313.092621
0.099848 313.099657
-0.099848 313.099657
0.102742 313.106806
-0.102742 313.106806
0.105636 313.114059
-0.105636 313.114059
0.108530 313.121411
-0.108530 313.121411
0.111425 313.128853
-0.111425 313.128853
0.114319 313.136378
-0.114319 313.136378
0.117213 313.143979
-0.117213 313.143979
0.120107 313.151648
-0.120107 313.151648
0.123001 313.159378
-0.123001 313.159378
0.125895 313.167161
-0.125895 313.167161
0.128789 313.174990
-0.128789 313.174990
0.131684 313.182855
-0.131684 313.182855
0.134578 313.190751
-0.134578 313.190751
0.137472 313.198668
-0.137472 313.198668
0.140366 313.206599
-0.140366 313.206599
0.143260 313.214537
-0.143260 313.214537
0.146154 313.222473
-0.146154 313.222473
0.149048 313.230400
-0.149048 313.230400
0.151943 313.238310
-0.151943 313.238310
0.154837 313.246194
-0.154837 313.246194
0.157731 313.254046
-0.157731 313.254046
0.160625 313.261857
-0.160625 313.261857
0.163519 313.269620
-0.163519 313.269620
0.166413 313.277328
-0.166413 313.277328
0.169307 313.284971
-0.169307 313.284971
0.172202 313.292544
-0.172202 313.292544
0.175096 313.300039
-0.175096 313.300039
0.177990 313.307448
-0.177990 313.307448
0.180884 313.314764
-0.180884 313.314764
0.183778 313.321980
-0.183778 313.321980
0.186672 313.329089
-0.186672 313.329089
0.189566 313.336084
-0.189566 313.336084
0.192461 313.342957
-0.192461 313.342957
0.195355 313.349703
-0.195355 313.349703
0.198249 313.356315
-0.198249 313.356315
0.201143 313.362786
-0.201143 313.362786
0.204037 313.369110
-0.204037 313.369110
0.206931 313.375281
-0.206931 313.375281
0.209825 313.381293
-0.209825 313.381293
0.212720 313.387139
-0.212720 313.387139
0.215614 313.392815
-0.215614 313.392815
0.218508 313.398314
-0.218508 313.398314
0.221402 313.403632
-0.221402 313.403632
0.224296 313.408762
-0.224296 313.408762
0.227190 313.413701
-0.227190 313.413701
0.230084 313.418444
-0.230084 313.418444
0.232979 313.422985
-0.232979 313.422985
0.235873 313.427320
-0.235873 313.427320
0.238767 313.431446
-0.238767 313.431446
0.241661 313.435357
-0.241661 313.435357
0.244555 313.439051
-0.244555 313.439051
0.247449 313.442524
-0.247449 313.442524
0.250343 313.445772
-0.250343 313.445772
0.253238 313.448792
-0.253238 313.448792
0.256132 313.451582
-0.256132 313.451582
0.259026 313.454138
-0.259026 313.454138
0.261920 313.456458
-0.261920 313.456458
0.264814 313.458540
-0.264814 313.458540
0.267708 313.460382
-0.267708 313.460382
0.270602 313.461982
-0.270602 313.461982
0.273497 313.463338
-0.273497 313.463338
0.276391 313.464450
-0.276391 313.464450
0.279285 313.465315
-0.279285 313.465315
0.282179 313.465934
-0.282179 313.465934
0.285073 313.466306
-0.285073 313.466306
0.287967 313.466430
-0.287967 359.219761
-0.287967 359.219781
0.287967 359.219781
-0.285073 359.219840
0.285073 359.219840
-0.282179 359.219939
0.282179 359.219939
-0.279285 359.220077
0.279285 359.220077
-0.276391 359.220255
0.276391 359.220255
-0.273497 359.220471
0.273497 359.220471
-0.270602 359.220727
0.270602 359.220727
-0.267708 359.221021
0.267708 359.221021
-0.264814 359.221353
0.264814 359.221353
-0.261920 359.221724
0.261920 359.221724
-0.259026 359.222131
0.259026 359.222131
-0.256132 359.222577
0.256132 359.222577
-0.253238 359.223059
0.253238 359.223059
-0.250343 359.223577
0.250343 359.223577
-0.247449 359.224131
0.247449 359.224131
-0.244555 359.224720
0.244555 359.224720
-0.241661 359.225344
0.241661 359.225344
-0.238767 359.226001
0.238767 359.226001
-0.235873 359.226692
0.235873 359.226692
-0.232979 359.227416
0.232979 359.227416
-0.230084 359.228172
0.230084 359.228172
-0.227190 359.228958
0.227190 359.228958
-0.224296 359.229776
0.224296 359.229776
-0.221402 359.230622
0.221402 359.230622
-0.218508 359.231498
0.218508 359.231498
-0.215614 359.232401
0.215614 359.232401
-0.212720 359.233331
0.212720 359.233331
-0.209825 359.234287
0.209825 359.234287
-0.206931 359.235268
0.206931 359.235268
-0.204037 359.236273
0.204037 359.236273
-0.201143 359.237302
0.201143 359.237302
-0.198249 359.238352
0.198249 359.238352
-0.195355 359.239423
0.195355 359.239423
-0.192461 359.240514
0.192461 359.240514
-0.189566 359.241624
0.189566 359.241624
-0.186672 359.242752
0.186672 359.242752
-0.183778 359.243897
0.183778 359.243897
-0.180884 359.245056
0.180884 359.245056
-0.177990 359.246231
0.177990 359.246231
-0.175096 359.247418
0.175096 359.247418
-0.172202 359.248617
0.172202 359.248617
-0.169307 359.249827
0.169307 359.249827
-0.166413 359.251047
0.166413 359.251047
-0.163519 359.252275
0.163519 359.252275
-0.160625 359.253511
0.160625 359.253511
-0.157731 359.254752
0.157731 359.254752
-0.154837 359.255998
0.154837 359.255998
-0.151943 359.257247
0.151943 359.257247
-0.149048 359.258499
0.149048 359.258499
-0.146154 359.259751
0.146154 359.259751
-0.143260 359.261004
0.143260 359.261004
-0.140366 359.262255
0.140366 359.262255
-0.137472 359.263503
0.137472 359.263503
-0.134578 359.264747
0.134578 359.264747
-0.131684 359.265987
0.131684 359.265987
-0.128789 359.267219
0.128789 359.267219
-0.125895 359.268445
0.125895 359.268445
-0.123001 359.269661
0.123001 359.269661
-0.120107 359.270868
0.120107 359.270868
-0.117213 359.272063
0.117213 359.272063
-0.114319 359.273246
0.114319 359.273246
-0.111425 359.274415
0.111425 359.274415
-0.108530 359.275570
0.108530 359.275570
-0.105636 359.276709
0.105636 359.276709
-0.102742 359.277831
0.102742 359.277831
-0.099848 359.278936
0.099848 359.278936
-0.096954 359.280021
0.096954 359.280021
-0.094060 359.281086
0.094060 359.281086
-0.091166 359.282129
0.091166 359.282129
-0.088271 359.283151
0.088271 359.283151
-0.085377 359.284149
0.085377 359.284149
-0.082483 359.285123
0.082483 359.285123
-0.079589 359.286073
0.079589 359.286073
-0.076695 359.286996
0.076695 359.286996
-0.073801 359.287892
0.073801 359.287892
-0.070907 359.288760
0.070907 359.288760
-0.068012 359.289599
0.068012 359.289599
-0.065118 359.290409
0.065118 359.290409
-0.062224 359.291189
0.062224 359.291189
-0.059330 359.291938
0.059330 359.291938
-0.056436 359.292655
0.056436 359.292655
-0.053542 359.293339
0.053542 359.293339
-0.050648 359.293991
0.050648 359.293991
-0.047753 359.294608
0.047753 359.294608
-0.044859 359.295192
0.044859 359.295192
-0.041965 359.295740
0.041965 359.295740
-0.039071 359.296253
0.039071 359.296253
-0.036177 359.296730
0.036177 359.296730
-0.033283 359.297170
0.033283 359.297170
-0.030389 359.297574
0.030389 359.297574
-0.027494 359.297940
0.027494 359.297940
-0.024600 359.298269
0.024600 359.298269
-0.021706 359.298560
0.021706 359.298560
-0.018812 359.298812
0.018812 359.298812
-0.015918 359.299026
0.015918 359.299026
-0.013024 359.299202
0.013024 359.299202
-0.010130 359.299339
0.010130 359.299339
-0.007235 359.299436
0.007235 359.299436
-0.004341 359.299495
0.004341 359.299495
-0.001447 359.299515
