###############################################################
#Number of atoms in chain 800
#Number of cells 200
#Short Pt-X force constant 183.600000 N/M
#Long Pt-X force constant 21.000000 N/M
#Short X-X force constant 0.000000 N/M
#Long X-X force constant 0.000000 N/M
#Pt-Pt force constant 23.000000 N/M
#Distance between atom pair 3.100190 x10^-10 M
#Temperature 298.000000 K
#Acoustic MSRD 0.00403171 x10^-20 M^2
#Nu3 Optical MSRD 0.00431297 x10^-20 M^2
#Nu1 Optical MSRD 0.00123375 x10^-20 M^2
#Nu2 Optical MSRD 0.000728438 x10^-20 M^2
#Total MSRD 0.0103069 x10^-20 M^2
###############################################################
0.000000 0.000002
0.001447 0.871824
-0.001447 0.871824
0.004341 1.743598
-0.004341 1.743598
0.007235 2.615272
-0.007235 2.615272
0.010130 3.486795
-0.010130 3.486795
0.013024 4.358118
-0.013024 4.358118
0.015918 5.229189
-0.015918 5.229189
0.018812 6.099960
-0.018812 6.099960
0.021706 6.970379
-0.021706 6.970379
0.024600 7.840396
-0.024600 7.840396
0.027494 8.709961
-0.027494 8.709961
0.030389 9.579023
-0.030389 9.579023
0.033283 10.447533
-0.033283 10.447533
0.036177 11.315439
-0.036177 11.315439
0.039071 12.182692
-0.039071 12.182692
0.041965 13.049239
-0.041965 13.049239
0.044859 13.915032
-0.044859 13.915032
0.047753 14.780018
-0.047753 14.780018
0.050648 15.644148
-0.050648 15.644148
0.053542 16.507370
-0.053542 16.507370
0.056436 17.369632
-0.056436 17.369632
0.059330 18.230885
-0.059330 18.230885
0.062224 19.091076
-0.062224 19.091076
0.065118 19.950155
-0.065118 19.950155
0.068012 20.808069
-0.068012 20.808069
0.070907 21.664767
-0.070907 21.664767
0.073801 22.520197
-0.073801 22.520197
0.076695 23.374306
-0.076695 23.374306
0.079589 24.227044
-0.079589 24.227044
0.082483 25.078356
-0.082483 25.078356
0.085377 25.928191
-0.085377 25.928191
0.088271 26.776495
-0.088271 26.776495
0.091166 27.623215
-0.091166 27.623215
0.094060 28.468298
-0.094060 28.468298
0.096954 29.311689
-0.096954 29.311689
0.099848 30.153335
-0.099848 30.153335
0.102742 30.993182
-0.102742 30.993182
0.105636 31.831173
-0.105636 31.831173
0.108530 32.667254
-0.108530 32.667254
0.111425 33.501368
-0.111425 33.501368
0.114319 34.333461
-0.114319 34.333461
0.117213 35.163473
-0.117213 35.163473
0.120107 35.991349
-0.120107 35.991349
0.123001 36.817030
-0.123001 36.817030
0.125895 37.640457
-0.125895 37.640457
0.128789 38.461570
-0.128789 38.461570
0.131684 39.280308
-0.131684 39.280308
0.134578 40.096612
-0.134578 40.096612
0.137472 40.910417
-0.137472 40.910417
0.140366 41.721661
-0.140366 41.721661
0.143260 42.530278
-0.143260 42.530278
0.146154 43.336202
-0.146154 43.336202
0.149048 44.139366
-0.149048 44.139366
0.151943 44.939701
-0.151943 44.939701
0.154837 45.737135
-0.154837 45.737135
0.157731 46.531595
-0.157731 46.531595
0.160625 47.323007
-0.160625 47.323007
0.163519 48.111291
-0.163519 48.111291
0.166413 48.896367
-0.166413 48.896367
0.169307 49.678152
-0.169307 49.678152
0.172202 50.456559
-0.172202 50.456559
0.175096 51.231495
-0.175096 51.231495
0.177990 52.002867
-0.177990 52.002867
0.180884 52.770574
-0.180884 52.770574
0.183778 53.534509
-0.183778 53.534509
0.186672 54.294560
-0.186672 54.294560
0.189566 55.050609
-0.189566 55.050609
0.192461 55.802527
-0.192461 55.802527
0.195355 56.550178
-0.195355 56.550178
0.198249 57.293414
-0.198249 57.293414
0.201143 58.032076
-0.201143 58.032076
0.204037 58.765988
-0.204037 58.765988
0.206931 59.494962
-0.206931 59.494962
0.209825 60.218786
-0.209825 60.218786
0.212720 60.937229
-0.212720 60.937229
0.215614 61.650032
-0.215614 61.650032
0.218508 62.356907
-0.218508 62.356907
0.221402 63.057527
-0.221402 63.057527
0.224296 63.751522
-0.224296 63.751522
0.227190 64.438472
-0.227190 64.438472
0.230084 65.117893
-0.230084 65.117893
0.232979 65.789224
-0.232979 65.789224
0.235873 66.451817
-0.235873 66.451817
0.238767 67.104910
-0.238767 67.104910
0.241661 67.747605
-0.241661 67.747605
0.244555 68.378839
-0.244555 68.378839
0.247449 68.997341
-0.247449 68.997341
0.250343 69.601587
-0.250343 69.601587
0.253238 70.189737
-0.253238 70.189737
0.256132 70.759561
-0.256132 70.759561
0.259026 71.308350
-0.259026 71.308350
0.261920 71.832810
-0.261920 71.832810
0.264814 72.328944
-0.264814 72.328944
0.267708 72.791938
-0.267708 72.791938
0.270602 73.216069
-0.270602 73.216069
0.273497 73.594687
-0.273497 73.594687
0.276391 73.920332
-0.276391 73.920332
0.279285 74.185074
-0.279285 74.185074
0.282179 74.381151
-0.282179 74.381151
0.285073 74.501874
-0.285073 74.501874
0.287967 74.542661
-0.287967 85.151371
-0.287967 85.187513
0.287967 85.187513
-0.285073 85.294302
0.285073 85.294302
-0.282179 85.467155
0.282179 85.467155
-0.279285 85.699386
0.279285 85.699386
-0.276391 85.983231
0.276391 85.983231
-0.273497 86.310763
0.273497 86.310763
-0.270602 86.674524
0.270602 86.674524
-0.267708 87.067864
0.267708 87.067864
-0.264814 87.485063
0.264814 87.485063
-0.261920 87.921308
0.261920 87.921308
-0.259026 88.372606
0.259026 88.372606
-0.256132 88.835665
0.256132 88.835665
-0.253238 89.307778
0.253238 89.307778
-0.250343 89.786719
0.250343 89.786719
-0.247449 90.270652
0.247449 90.270652
-0.244555 90.758056
0.244555 90.758056
-0.241661 91.247665
0.241661 91.247665
-0.238767 91.738419
0.238767 91.738419
-0.235873 92.229425
0.235873 92.229425
-0.232979 92.719928
0.232979 92.719928
-0.230084 93.209281
0.230084 93.209281
-0.227190 93.696932
0.227190 93.696932
-0.224296 94.182403
0.224296 94.182403
-0.221402 94.665277
0.221402 94.665277
-0.218508 95.145192
0.218508 95.145192
-0.215614 95.621828
0.215614 95.621828
-0.212720 96.094905
0.212720 96.094905
-0.209825 96.564169
0.209825 96.564169
-0.206931 97.029397
0.206931 97.029397
-0.204037 97.490387
0.204037 97.490387
-0.201143 97.946958
0.201143 97.946958
-0.198249 98.398942
0.198249 98.398942
-0.195355 98.846191
0.195355 98.846191
-0.192461 99.288564
0.192461 99.288564
-0.189566 99.725936
0.189566 99.725936
-0.186672 100.158189
0.186672 100.158189
-0.183778 100.585214
0.183778 100.585214
-0.180884 101.006909
0.180884 101.006909
-0.177990 101.423180
0.177990 101.423180
-0.175096 101.833939
0.175096 101.833939
-0.172202 102.239101
0.172202 102.239101
-0.169307 102.638588
0.169307 102.638588
-0.166413 103.032326
0.166413 103.032326
-0.163519 103.420245
0.163519 103.420245
-0.160625 103.802277
0.160625 103.802277
-0.157731 104.178358
0.157731 104.178358
-0.154837 104.548429
0.154837 104.548429
-0.151943 104.912430
0.151943 104.912430
-0.149048 105.270307
0.149048 105.270307
-0.146154 105.622005
0.146154 105.622005
-0.143260 105.967474
0.143260 105.967474
-0.140366 106.306664
0.140366 106.306664
-0.137472 106.639529
0.137472 106.639529
-0.134578 106.966021
0.134578 106.966021
-0.131684 107.286098
0.131684 107.286098
-0.128789 107.599717
0.128789 107.599717
-0.125895 107.906836
0.125895 107.906836
-0.123001 108.207416
0.123001 108.207416
-0.120107 108.501419
0.120107 108.501419
-0.117213 108.788807
0.117213 108.788807
-0.114319 109.069545
0.114319 109.069545
-0.111425 109.343598
0.111425 109.343598
-0.108530 109.610933
0.108530 109.610933
-0.105636 109.871516
0.105636 109.871516
-0.102742 110.125316
0.102742 110.125316
-0.099848 110.372303
0.099848 110.372303
-0.096954 110.612448
0.096954 110.612448
-0.094060 110.845722
0.094060 110.845722
-0.091166 111.072097
0.091166 111.072097
-0.088271 111.291548
0.088271 111.291548
-0.085377 111.504047
0.085377 111.504047
-0.082483 111.709572
0.082483 111.709572
-0.079589 111.908097
0.079589 111.908097
-0.076695 112.099600
0.076695 112.099600
-0.073801 112.284059
0.073801 112.284059
-0.070907 112.461453
0.070907 112.461453
-0.068012 112.631762
0.068012 112.631762
-0.065118 112.794965
0.065118 112.794965
-0.062224 112.951045
0.062224 112.951045
-0.059330 113.099983
0.059330 113.099983
-0.056436 113.241763
0.056436 113.241763
-0.053542 113.376368
0.053542 113.376368
-0.050648 113.503784
0.050648 113.503784
-0.047753 113.623996
0.047753 113.623996
-0.044859 113.736990
0.044859 113.736990
-0.041965 113.842754
0.041965 113.842754
-0.039071 113.941276
0.039071 113.941276
-0.036177 114.032544
0.036177 114.032544
-0.033283 114.116548
0.033283 114.116548
-0.030389 114.193280
0.030389 114.193280
-0.027494 114.262730
0.027494 114.262730
-0.024600 114.324890
0.024600 114.324890
-0.021706 114.379753
0.021706 114.379753
-0.018812 114.427314
0.018812 114.427314
-0.015918 114.467567
0.015918 114.467567
-0.013024 114.500507
0.013024 114.500507
-0.010130 114.526131
0.010130 114.526131
-0.007235 114.544436
0.007235 114.544436
-0.004341 114.555420
0.004341 114.555420
-0.001447 114.559082
0.001447 312.961053
0.001447 312.961214
-0.001447 312.961214
0.004341 312.961695
-0.004341 312.961695
0.007235 312.962497
-0.007235 312.962497
0.010130 312.963619
-0.010130 312.963619
0.013024 312.965059
-0.013024 312.965059
0.015918 312.966816
-0.015918 312.966816
0.018812 312.968888
-0.018812 312.968888
0.021706 312.971274
-0.021706 312.971274
0.024600 312.973970
-0.024600 312.973970
0.027494 312.976975
-0.027494 312.976975
0.030389 312.980285
-0.030389 312.980285
0.033283 312.983896
-0.033283 312.983896
0.036177 312.987805
-0.036177 312.987805
0.039071 312.992009
-0.039071 312.992009
0.041965 312.996503
-0.041965 312.996503
0.044859 313.001282
-0.044859 313.001282
0.047753 313.006341
-0.047753 313.006341
0.050648 313.011676
-0.050648 313.011676
0.053542 313.017282
-0.053542 313.017282
0.056436 313.023152
-0.056436 313.023152
0.059330 313.029280
-0.059330 313.029280
0.062224 313.035662
-0.062224 313.035662
0.065118 313.042289
-0.065118 313.042289
0.068012 313.049156
-0.068012 313.049156
0.070907 313.056255
-0.070907 313.056255
0.073801 313.063580
-0.073801 313.063580
0.076695 313.071123
-0.076695 313.071123
0.079589 313.078877
-0.079589 313.078877
0.082483 313.086834
-0.082483 313.086834
0.085377 313.094986
-0.085377 313.094986
0.088271 313.103324
-0.088271 313.103324
0.091166 313.111841
-0.091166 313.111841
0.094060 313.120528
-0.094060 313.120528
0.096954 313.129376
-0.096954 313.129376
0.099848 313.138377
-0.099848 313.138377
0.102742 313.147521
-0.102742 313.147521
0.105636 313.156800
-0.105636 313.156800
0.108530 313.166204
-0.108530 313.166204
0.111425 313.175724
-0.111425 313.175724
0.114319 313.185350
-0.114319 313.185350
0.117213 313.195073
-0.117213 313.195073
0.120107 313.204883
-0.120107 313.204883
0.123001 313.214771
-0.123001 313.214771
0.125895 313.224726
-0.125895 313.224726
0.128789 313.234739
-0.128789 313.234739
0.131684 313.244800
-0.131684 313.244800
0.134578 313.254899
-0.134578 313.254899
0.137472 313.265026
-0.137472 313.265026
0.140366 313.275171
-0.140366 313.275171
0.143260 313.285324
-0.143260 313.285324
0.146154 313.295474
-0.146154 313.295474
0.149048 313.305613
-0.149048 313.305613
0.151943 313.315729
-0.151943 313.315729
0.154837 313.325813
-0.154837 313.325813
0.157731 313.335856
-0.157731 313.335856
0.160625 313.345846
-0.160625 313.345846
0.163519 313.355775
-0.163519 313.355775
0.166413 313.365632
-0.166413 313.365632
0.169307 313.375408
-0.169307 313.375408
0.172202 313.385093
-0.172202 313.385093
0.175096 313.394678
-0.175096 313.394678
0.177990 313.404153
-0.177990 313.404153
0.180884 313.413510
-0.180884 313.413510
0.183778 313.422738
-0.183778 313.422738
0.186672 313.431830
-0.186672 313.431830
0.189566 313.440775
-0.189566 313.440775
0.192461 313.449565
-0.192461 313.449565
0.195355 313.458192
-0.195355 313.458192
0.198249 313.466648
-0.198249 313.466648
0.201143 313.474923
-0.201143 313.474923
0.204037 313.483010
-0.204037 313.483010
0.206931 313.490901
-0.206931 313.490901
0.209825 313.498589
-0.209825 313.498589
0.212720 313.506065
-0.212720 313.506065
0.215614 313.513323
-0.215614 313.513323
0.218508 313.520355
-0.218508 313.520355
0.221402 313.527155
-0.221402 313.527155
0.224296 313.533716
-0.224296 313.533716
0.227190 313.540032
-0.227190 313.540032
0.230084 313.546096
-0.230084 313.546096
0.232979 313.551903
-0.232979 313.551903
0.235873 313.557447
-0.235873 313.557447
0.238767 313.562722
-0.238767 313.562722
0.241661 313.567724
-0.241661 313.567724
0.244555 313.572448
-0.244555 313.572448
0.247449 313.576888
-0.247449 313.576888
0.250343 313.581041
-0.250343 313.581041
0.253238 313.584903
-0.253238 313.584903
0.256132 313.588470
-0.256132 313.588470
0.259026 313.591739
-0.259026 313.591739
0.261920 313.594705
-0.261920 313.594705
0.264814 313.597368
-0.264814 313.597368
0.267708 313.599723
-0.267708 313.599723
0.270602 313.601769
-0.270602 313.601769
0.273497 313.603503
-0.273497 313.603503
0.276391 313.604924
-0.276391 313.604924
0.279285 313.606031
-0.279285 313.606031
0.282179 313.606823
-0.282179 313.606823
0.285073 313.607298
-0.285073 313.607298
0.287967 313.607456
-0.287967 358.239223
-0.287967 358.239253
0.287967 358.239253
-0.285073 358.239346
0.285073 358.239346
-0.282179 358.239499
0.282179 358.239499
-0.279285 358.239714
0.279285 358.239714
-0.276391 358.239990
0.276391 358.239990
-0.273497 358.240327
0.273497 358.240327
-0.270602 358.240723
0.270602 358.240723
-0.267708 358.241180
0.267708 358.241180
-0.264814 358.241697
0.264814 358.241697
-0.261920 358.242272
0.261920 358.242272
-0.259026 358.242906
0.259026 358.242906
-0.256132 358.243598
0.256132 358.243598
-0.253238 358.244347
0.253238 358.244347
-0.250343 358.245152
0.250343 358.245152
-0.247449 358.246012
0.247449 358.246012
-0.244555 358.246928
0.244555 358.246928
-0.241661 358.247897
0.241661 358.247897
-0.238767 358.248918
0.238767 358.248918
-0.235873 358.249992
0.235873 358.249992
-0.232979 358.251116
0.232979 358.251116
-0.230084 358.252289
0.230084 358.252289
-0.227190 358.253511
0.227190 358.253511
-0.224296 358.254780
0.224296 358.254780
-0.221402 358.256095
0.221402 358.256095
-0.218508 358.257455
0.218508 358.257455
-0.215614 358.258857
0.215614 358.258857
-0.212720 358.260301
0.212720 358.260301
-0.209825 358.261786
0.209825 358.261786
-0.206931 358.263309
0.206931 358.263309
-0.204037 358.264869
0.204037 358.264869
-0.201143 358.266466
0.201143 358.266466
-0.198249 358.268096
0.198249 358.268096
-0.195355 358.269759
0.195355 358.269759
-0.192461 358.271452
0.192461 358.271452
-0.189566 358.273175
0.189566 358.273175
-0.186672 358.274925
0.186672 358.274925
-0.183778 358.276701
0.183778 358.276701
-0.180884 358.278501
0.180884 358.278501
-0.177990 358.280323
0.177990 358.280323
-0.175096 358.282165
0.175096 358.282165
-0.172202 358.284025
0.172202 358.284025
-0.169307 358.285902
0.169307 358.285902
-0.166413 358.287794
0.166413 358.287794
-0.163519 358.289699
0.163519 358.289699
-0.160625 358.291615
0.160625 358.291615
-0.157731 358.293539
0.157731 358.293539
-0.154837 358.295471
0.154837 358.295471
-0.151943 358.297408
0.151943 358.297408
-0.149048 358.299349
0.149048 358.299349
-0.146154 358.301291
0.146154 358.301291
-0.143260 358.303232
0.143260 358.303232
-0.140366 358.305171
0.140366 358.305171
-0.137472 358.307106
0.137472 358.307106
-0.134578 358.309034
0.134578 358.309034
-0.131684 358.310955
0.131684 358.310955
-0.128789 358.312865
0.128789 358.312865
-0.125895 358.314764
0.125895 358.314764
-0.123001 358.316648
0.123001 358.316648
-0.120107 358.318517
0.120107 358.318517
-0.117213 358.320369
0.117213 358.320369
-0.114319 358.322201
0.114319 358.322201
-0.111425 358.324013
0.111425 358.324013
-0.108530 358.325801
0.108530 358.325801
-0.105636 358.327565
0.105636 358.327565
-0.102742 358.329303
0.102742 358.329303
-0.099848 358.331013
0.099848 358.331013
-0.096954 358.332693
0.096954 358.332693
-0.094060 358.334342
0.094060 358.334342
-0.091166 358.335957
0.091166 358.335957
-0.088271 358.337539
0.088271 358.337539
-0.085377 358.339084
0.085377 358.339084
-0.082483 358.340592
0.082483 358.340592
-0.079589 358.342061
0.079589 358.342061
-0.076695 358.343490
0.076695 358.343490
-0.073801 358.344876
0.073801 358.344876
-0.070907 358.346220
0.070907 358.346220
-0.068012 358.347519
0.068012 358.347519
-0.065118 358.348772
0.065118 358.348772
-0.062224 358.349979
0.062224 358.349979
-0.059330 358.351137
0.059330 358.351137
-0.056436 358.352247
0.056436 358.352247
-0.053542 358.353306
0.053542 358.353306
-0.050648 358.354313
0.050648 358.354313
-0.047753 358.355269
0.047753 358.355269
-0.044859 358.356171
0.044859 358.356171
-0.041965 358.357019
0.041965 358.357019
-0.039071 358.357812
0.039071 358.357812
-0.036177 358.358550
0.036177 358.358550
-0.033283 358.359231
0.033283 358.359231
-0.030389 358.359855
0.030389 358.359855
-0.027494 358.360422
0.027494 358.360422
-0.024600 358.360931
0.024600 358.360931
-0.021706 358.361380
0.021706 358.361380
-0.018812 358.361771
0.018812 358.361771
-0.015918 358.362102
0.015918 358.362102
-0.013024 358.362374
0.013024 358.362374
-0.010130 358.362585
0.010130 358.362585
-0.007235 358.362736
0.007235 358.362736
-0.004341 358.362827
0.004341 358.362827
-0.001447 358.362857
