###############################################################
#Number of atoms in chain 800
#Number of cells 200
#Short Pt-X force constant 194.500000 N/M
#Long Pt-X force constant 10.100000 N/M
#Short X-X force constant 0.000000 N/M
#Long X-X force constant 0.000000 N/M
#Pt-Pt force constant 0.000000 N/M
#Distance between atom pair 3.100190 x10^-10 M
#Temperature 298.000000 K
#Acoustic MSRD 0.0190232 x10^-20 M^2
#Nu3 Optical MSRD 0.019746 x10^-20 M^2
#Nu1 Optical MSRD 0.00121074 x10^-20 M^2
#Nu2 Optical MSRD 0.000710057 x10^-20 M^2
#Total MSRD 0.0406901 x10^-20 M^2
###############################################################
0.000000 0.000003
0.001447 0.417616
-0.001447 0.417616
0.004341 0.835206
-0.004341 0.835206
0.007235 1.252746
-0.007235 1.252746
0.010130 1.670209
-0.010130 1.670209
0.013024 2.087571
-0.013024 2.087571
0.015918 2.504807
-0.015918 2.504807
0.018812 2.921890
-0.018812 2.921890
0.021706 3.338795
-0.021706 3.338795
0.024600 3.755497
-0.024600 3.755497
0.027494 4.171971
-0.027494 4.171971
0.030389 4.588191
-0.030389 4.588191
0.033283 5.004131
-0.033283 5.004131
0.036177 5.419767
-0.036177 5.419767
0.039071 5.835071
-0.039071 5.835071
0.041965 6.250020
-0.041965 6.250020
0.044859 6.664587
-0.044859 6.664587
0.047753 7.078747
-0.047753 7.078747
0.050648 7.492473
-0.050648 7.492473
0.053542 7.905741
-0.053542 7.905741
0.056436 8.318523
-0.056436 8.318523
0.059330 8.730796
-0.059330 8.730796
0.062224 9.142532
-0.062224 9.142532
0.065118 9.553705
-0.065118 9.553705
0.068012 9.964290
-0.068012 9.964290
0.070907 10.374259
-0.070907 10.374259
0.073801 10.783588
-0.073801 10.783588
0.076695 11.192250
-0.076695 11.192250
0.079589 11.600218
-0.079589 11.600218
0.082483 12.007465
-0.082483 12.007465
0.085377 12.413966
-0.085377 12.413966
0.088271 12.819692
-0.088271 12.819692
0.091166 13.224618
-0.091166 13.224618
0.094060 13.628716
-0.094060 13.628716
0.096954 14.031959
-0.096954 14.031959
0.099848 14.434319
-0.099848 14.434319
0.102742 14.835769
-0.102742 14.835769
0.105636 15.236281
-0.105636 15.236281
0.108530 15.635827
-0.108530 15.635827
0.111425 16.034379
-0.111425 16.034379
0.114319 16.431907
-0.114319 16.431907
0.117213 16.828384
-0.117213 16.828384
0.120107 17.223779
-0.120107 17.223779
0.123001 17.618064
-0.123001 17.618064
0.125895 18.011208
-0.125895 18.011208
0.128789 18.403182
-0.128789 18.403182
0.131684 18.793953
-0.131684 18.793953
0.134578 19.183492
-0.134578 19.183492
0.137472 19.571765
-0.137472 19.571765
0.140366 19.958742
-0.140366 19.958742
0.143260 20.344388
-0.143260 20.344388
0.146154 20.728669
-0.146154 20.728669
0.149048 21.111552
-0.149048 21.111552
0.151943 21.493001
-0.151943 21.493001
0.154837 21.872979
-0.154837 21.872979
0.157731 22.251448
-0.157731 22.251448
0.160625 22.628370
-0.160625 22.628370
0.163519 23.003705
-0.163519 23.003705
0.166413 23.377410
-0.166413 23.377410
0.169307 23.749444
-0.169307 23.749444
0.172202 24.119760
-0.172202 24.119760
0.175096 24.488312
-0.175096 24.488312
0.177990 24.855050
-0.177990 24.855050
0.180884 25.219921
-0.180884 25.219921
0.183778 25.582871
-0.183778 25.582871
0.186672 25.943841
-0.186672 25.943841
0.189566 26.302768
-0.189566 26.302768
0.192461 26.659586
-0.192461 26.659586
0.195355 27.014223
-0.195355 27.014223
0.198249 27.366601
-0.198249 27.366601
0.201143 27.716637
-0.201143 27.716637
0.204037 28.064239
-0.204037 28.064239
0.206931 28.409306
-0.206931 28.409306
0.209825 28.751728
-0.209825 28.751728
0.212720 29.091383
-0.212720 29.091383
0.215614 29.428135
-0.215614 29.428135
0.218508 29.761831
-0.218508 29.761831
0.221402 30.092300
-0.221402 30.092300
0.224296 30.419349
-0.224296 30.419349
0.227190 30.742757
-0.227190 30.742757
0.230084 31.062270
-0.230084 31.062270
0.232979 31.377599
-0.232979 31.377599
0.235873 31.688406
-0.235873 31.688406
0.238767 31.994299
-0.238767 31.994299
0.241661 32.294818
-0.241661 32.294818
0.244555 32.589422
-0.244555 32.589422
0.247449 32.877470
-0.247449 32.877470
0.250343 33.158200
-0.250343 33.158200
0.253238 33.430705
-0.253238 33.430705
0.256132 33.693896
-0.256132 33.693896
0.259026 33.946474
-0.259026 33.946474
0.261920 34.186885
-0.261920 34.186885
0.264814 34.413281
-0.264814 34.413281
0.267708 34.623488
-0.267708 34.623488
0.270602 34.814985
-0.270602 34.814985
0.273497 34.984923
-0.273497 34.984923
0.276391 35.130201
-0.276391 35.130201
0.279285 35.247622
-0.279285 35.247622
0.282179 35.334143
-0.282179 35.334143
0.285073 35.387208
-0.285073 35.387208
0.287967 35.405099
-0.287967 40.854533
-0.287967 40.870148
0.287967 40.870148
-0.285073 40.916385
0.285073 40.916385
-0.282179 40.991527
0.282179 40.991527
-0.279285 41.093018
0.279285 41.093018
-0.276391 41.217816
0.276391 41.217816
-0.273497 41.362726
0.273497 41.362726
-0.270602 41.524645
0.270602 41.524645
-0.267708 41.700728
0.267708 41.700728
-0.264814 41.888456
0.264814 41.888456
-0.261920 42.085655
0.261920 42.085655
-0.259026 42.290479
0.259026 42.290479
-0.256132 42.501378
0.256132 42.501378
-0.253238 42.717054
0.253238 42.717054
-0.250343 42.936421
0.250343 42.936421
-0.247449 43.158575
0.247449 43.158575
-0.244555 43.382756
0.244555 43.382756
-0.241661 43.608328
0.241661 43.608328
-0.238767 43.834753
0.238767 43.834753
-0.235873 44.061574
0.235873 44.061574
-0.232979 44.288403
0.232979 44.288403
-0.230084 44.514907
0.230084 44.514907
-0.227190 44.740800
0.227190 44.740800
-0.224296 44.965833
0.224296 44.965833
-0.221402 45.189792
0.221402 45.189792
-0.218508 45.412486
0.218508 45.412486
-0.215614 45.633750
0.215614 45.633750
-0.212720 45.853438
0.212720 45.853438
-0.209825 46.071418
0.209825 46.071418
-0.206931 46.287574
0.206931 46.287574
-0.204037 46.501802
0.204037 46.501802
-0.201143 46.714008
0.201143 46.714008
-0.198249 46.924108
0.198249 46.924108
-0.195355 47.132023
0.195355 47.132023
-0.192461 47.337683
0.192461 47.337683
-0.189566 47.541025
0.189566 47.541025
-0.186672 47.741987
0.186672 47.741987
-0.183778 47.940517
0.183778 47.940517
-0.180884 48.136563
0.180884 48.136563
-0.177990 48.330078
0.177990 48.330078
-0.175096 48.521018
0.175096 48.521018
-0.172202 48.709343
0.172202 48.709343
-0.169307 48.895013
0.169307 48.895013
-0.166413 49.077994
0.166413 49.077994
-0.163519 49.258251
0.163519 49.258251
-0.160625 49.435752
0.160625 49.435752
-0.157731 49.610467
0.157731 49.610467
-0.154837 49.782368
0.154837 49.782368
-0.151943 49.951426
0.151943 49.951426
-0.149048 50.117616
0.149048 50.117616
-0.146154 50.280914
0.146154 50.280914
-0.143260 50.441296
0.143260 50.441296
-0.140366 50.598738
0.140366 50.598738
-0.137472 50.753221
0.137472 50.753221
-0.134578 50.904723
0.134578 50.904723
-0.131684 51.053224
0.131684 51.053224
-0.128789 51.198705
0.128789 51.198705
-0.125895 51.341149
0.125895 51.341149
-0.123001 51.480537
0.123001 51.480537
-0.120107 51.616853
0.120107 51.616853
-0.117213 51.750081
0.117213 51.750081
-0.114319 51.880205
0.114319 51.880205
-0.111425 52.007210
0.111425 52.007210
-0.108530 52.131082
0.108530 52.131082
-0.105636 52.251807
0.105636 52.251807
-0.102742 52.369370
0.102742 52.369370
-0.099848 52.483761
0.099848 52.483761
-0.096954 52.594965
0.096954 52.594965
-0.094060 52.702971
0.094060 52.702971
-0.091166 52.807768
0.091166 52.807768
-0.088271 52.909345
0.088271 52.909345
-0.085377 53.007690
0.085377 53.007690
-0.082483 53.102794
0.082483 53.102794
-0.079589 53.194646
0.079589 53.194646
-0.076695 53.283238
0.076695 53.283238
-0.073801 53.368561
0.073801 53.368561
-0.070907 53.450605
0.070907 53.450605
-0.068012 53.529362
0.068012 53.529362
-0.065118 53.604825
0.065118 53.604825
-0.062224 53.676987
0.062224 53.676987
-0.059330 53.745838
0.059330 53.745838
-0.056436 53.811374
0.056436 53.811374
-0.053542 53.873588
0.053542 53.873588
-0.050648 53.932473
0.050648 53.932473
-0.047753 53.988023
0.047753 53.988023
-0.044859 54.040234
0.044859 54.040234
-0.041965 54.089100
0.041965 54.089100
-0.039071 54.134616
0.039071 54.134616
-0.036177 54.176779
0.036177 54.176779
-0.033283 54.215583
0.033283 54.215583
-0.030389 54.251026
0.030389 54.251026
-0.027494 54.283103
0.027494 54.283103
-0.024600 54.311812
0.024600 54.311812
-0.021706 54.337150
0.021706 54.337150
-0.018812 54.359115
0.018812 54.359115
-0.015918 54.377703
0.015918 54.377703
-0.013024 54.392915
0.013024 54.392915
-0.010130 54.404748
0.010130 54.404748
-0.007235 54.413200
0.007235 54.413200
-0.004341 54.418272
0.004341 54.418272
-0.001447 54.419963
0.001447 312.961053
0.001447 312.961088
-0.001447 312.961088
0.004341 312.961192
-0.004341 312.961192
0.007235 312.961366
-0.007235 312.961366
0.010130 312.961609
-0.010130 312.961609
0.013024 312.961920
-0.013024 312.961920
0.015918 312.962301
-0.015918 312.962301
0.018812 312.962750
-0.018812 312.962750
0.021706 312.963266
-0.021706 312.963266
0.024600 312.963850
-0.024600 312.963850
0.027494 312.964501
-0.027494 312.964501
0.030389 312.965218
-0.030389 312.965218
0.033283 312.966000
-0.033283 312.966000
0.036177 312.966847
-0.036177 312.966847
0.039071 312.967757
-0.039071 312.967757
0.041965 312.968731
-0.041965 312.968731
0.044859 312.969766
-0.044859 312.969766
0.047753 312.970863
-0.047753 312.970863
0.050648 312.972019
-0.050648 312.972019
0.053542 312.973234
-0.053542 312.973234
0.056436 312.974506
-0.056436 312.974506
0.059330 312.975835
-0.059330 312.975835
0.062224 312.977219
-0.062224 312.977219
0.065118 312.978656
-0.065118 312.978656
0.068012 312.980146
-0.068012 312.980146
0.070907 312.981686
-0.070907 312.981686
0.073801 312.983275
-0.073801 312.983275
0.076695 312.984912
-0.076695 312.984912
0.079589 312.986595
-0.079589 312.986595
0.082483 312.988323
-0.082483 312.988323
0.085377 312.990093
-0.085377 312.990093
0.088271 312.991904
-0.088271 312.991904
0.091166 312.993754
-0.091166 312.993754
0.094060 312.995641
-0.094060 312.995641
0.096954 312.997564
-0.096954 312.997564
0.099848 312.999520
-0.099848 312.999520
0.102742 313.001508
-0.102742 313.001508
0.105636 313.003525
-0.105636 313.003525
0.108530 313.005570
-0.108530 313.005570
0.111425 313.007641
-0.111425 313.007641
0.114319 313.009736
-0.114319 313.009736
0.117213 313.011851
-0.117213 313.011851
0.120107 313.013987
-0.120107 313.013987
0.123001 313.016140
-0.123001 313.016140
0.125895 313.018307
-0.125895 313.018307
0.128789 313.020488
-0.128789 313.020488
0.131684 313.022680
-0.131684 313.022680
0.134578 313.024881
-0.134578 313.024881
0.137472 313.027088
-0.137472 313.027088
0.140366 313.029300
-0.140366 313.029300
0.143260 313.031514
-0.143260 313.031514
0.146154 313.033728
-0.146154 313.033728
0.149048 313.035940
-0.149048 313.035940
0.151943 313.038147
-0.151943 313.038147
0.154837 313.040348
-0.154837 313.040348
0.157731 313.042541
-0.157731 313.042541
0.160625 313.044722
-0.160625 313.044722
0.163519 313.046891
-0.163519 313.046891
0.166413 313.049044
-0.166413 313.049044
0.169307 313.051180
-0.169307 313.051180
0.172202 313.053297
-0.172202 313.053297
0.175096 313.055392
-0.175096 313.055392
0.177990 313.057464
-0.177990 313.057464
0.180884 313.059510
-0.180884 313.059510
0.183778 313.061529
-0.183778 313.061529
0.186672 313.063518
-0.186672 313.063518
0.189566 313.065475
-0.189566 313.065475
0.192461 313.067399
-0.192461 313.067399
0.195355 313.069288
-0.195355 313.069288
0.198249 313.071139
-0.198249 313.071139
0.201143 313.072951
-0.201143 313.072951
0.204037 313.074723
-0.204037 313.074723
0.206931 313.076452
-0.206931 313.076452
0.209825 313.078136
-0.209825 313.078136
0.212720 313.079774
-0.212720 313.079774
0.215614 313.081365
-0.215614 313.081365
0.218508 313.082907
-0.218508 313.082907
0.221402 313.084398
-0.221402 313.084398
0.224296 313.085836
-0.224296 313.085836
0.227190 313.087222
-0.227190 313.087222
0.230084 313.088552
-0.230084 313.088552
0.232979 313.089826
-0.232979 313.089826
0.235873 313.091042
-0.235873 313.091042
0.238767 313.092200
-0.238767 313.092200
0.241661 313.093297
-0.241661 313.093297
0.244555 313.094334
-0.244555 313.094334
0.247449 313.095309
-0.247449 313.095309
0.250343 313.096220
-0.250343 313.096220
0.253238 313.097068
-0.253238 313.097068
0.256132 313.097851
-0.256132 313.097851
0.259026 313.098569
-0.259026 313.098569
0.261920 313.099221
-0.261920 313.099221
0.264814 313.099805
-0.264814 313.099805
0.267708 313.100322
-0.267708 313.100322
0.270602 313.100772
-0.270602 313.100772
0.273497 313.101153
-0.273497 313.101153
0.276391 313.101465
-0.276391 313.101465
0.279285 313.101708
-0.279285 313.101708
0.282179 313.101882
-0.282179 313.101882
0.285073 313.101986
-0.285073 313.101986
0.287967 313.102021
-0.287967 361.293635
-0.287967 361.293652
0.287967 361.293652
-0.285073 361.293703
0.285073 361.293703
-0.282179 361.293787
0.282179 361.293787
-0.279285 361.293905
0.279285 361.293905
-0.276391 361.294056
0.276391 361.294056
-0.273497 361.294241
0.273497 361.294241
-0.270602 361.294459
0.270602 361.294459
-0.267708 361.294710
0.267708 361.294710
-0.264814 361.294994
0.264814 361.294994
-0.261920 361.295310
0.261920 361.295310
-0.259026 361.295658
0.259026 361.295658
-0.256132 361.296038
0.256132 361.296038
-0.253238 361.296449
0.253238 361.296449
-0.250343 361.296891
0.250343 361.296891
-0.247449 361.297364
0.247449 361.297364
-0.244555 361.297867
0.244555 361.297867
-0.241661 361.298399
0.241661 361.298399
-0.238767 361.298961
0.238767 361.298961
-0.235873 361.299550
0.235873 361.299550
-0.232979 361.300168
0.232979 361.300168
-0.230084 361.300813
0.230084 361.300813
-0.227190 361.301485
0.227190 361.301485
-0.224296 361.302183
0.224296 361.302183
-0.221402 361.302906
0.221402 361.302906
-0.218508 361.303653
0.218508 361.303653
-0.215614 361.304425
0.215614 361.304425
-0.212720 361.305219
0.212720 361.305219
-0.209825 361.306036
0.209825 361.306036
-0.206931 361.306874
0.206931 361.306874
-0.204037 361.307733
0.204037 361.307733
-0.201143 361.308611
0.201143 361.308611
-0.198249 361.309509
0.198249 361.309509
-0.195355 361.310424
0.195355 361.310424
-0.192461 361.311357
0.192461 361.311357
-0.189566 361.312305
0.189566 361.312305
-0.186672 361.313269
0.186672 361.313269
-0.183778 361.314248
0.183778 361.314248
-0.180884 361.315239
0.180884 361.315239
-0.177990 361.316243
0.177990 361.316243
-0.175096 361.317259
0.175096 361.317259
-0.172202 361.318284
0.172202 361.318284
-0.169307 361.319319
0.169307 361.319319
-0.166413 361.320363
0.166413 361.320363
-0.163519 361.321413
0.163519 361.321413
-0.160625 361.322470
0.160625 361.322470
-0.157731 361.323532
0.157731 361.323532
-0.154837 361.324598
0.154837 361.324598
-0.151943 361.325667
0.151943 361.325667
-0.149048 361.326739
0.149048 361.326739
-0.146154 361.327811
0.146154 361.327811
-0.143260 361.328883
0.143260 361.328883
-0.140366 361.329954
0.140366 361.329954
-0.137472 361.331023
0.137472 361.331023
-0.134578 361.332089
0.134578 361.332089
-0.131684 361.333150
0.131684 361.333150
-0.128789 361.334206
0.128789 361.334206
-0.125895 361.335255
0.125895 361.335255
-0.123001 361.336297
0.123001 361.336297
-0.120107 361.337331
0.120107 361.337331
-0.117213 361.338355
0.117213 361.338355
-0.114319 361.339369
0.114319 361.339369
-0.111425 361.340371
0.111425 361.340371
-0.108530 361.341361
0.108530 361.341361
-0.105636 361.342338
0.105636 361.342338
-0.102742 361.343300
0.102742 361.343300
-0.099848 361.344246
0.099848 361.344246
-0.096954 361.345177
0.096954 361.345177
-0.094060 361.346090
0.094060 361.346090
-0.091166 361.346985
0.091166 361.346985
-0.088271 361.347861
0.088271 361.347861
-0.085377 361.348717
0.085377 361.348717
-0.082483 361.349553
0.082483 361.349553
-0.079589 361.350367
0.079589 361.350367
-0.076695 361.351159
0.076695 361.351159
-0.073801 361.351928
0.073801 361.351928
-0.070907 361.352673
0.070907 361.352673
-0.068012 361.353393
0.068012 361.353393
-0.065118 361.354089
0.065118 361.354089
-0.062224 361.354758
0.062224 361.354758
-0.059330 361.355400
0.059330 361.355400
-0.056436 361.356016
0.056436 361.356016
-0.053542 361.356603
0.053542 361.356603
-0.050648 361.357163
0.050648 361.357163
-0.047753 361.357693
0.047753 361.357693
-0.044859 361.358194
0.044859 361.358194
-0.041965 361.358664
0.041965 361.358664
-0.039071 361.359105
0.039071 361.359105
-0.036177 361.359514
0.036177 361.359514
-0.033283 361.359892
0.033283 361.359892
-0.030389 361.360239
0.030389 361.360239
-0.027494 361.360553
0.027494 361.360553
-0.024600 361.360836
0.024600 361.360836
-0.021706 361.361086
0.021706 361.361086
-0.018812 361.361303
0.018812 361.361303
-0.015918 361.361486
0.015918 361.361486
-0.013024 361.361637
0.013024 361.361637
-0.010130 361.361755
0.010130 361.361755
-0.007235 361.361839
0.007235 361.361839
-0.004341 361.361889
0.004341 361.361889
-0.001447 361.361906
