###############################################################
#Number of atoms in chain 800
#Number of cells 200
#Short Pt-X force constant 132.700000 N/M
#Long Pt-X force constant 88.500000 N/M
#Short X-X force constant 0.000000 N/M
#Long X-X force constant 0.000000 N/M
#Pt-Pt force constant 0.000000 N/M
#Distance between atom pair 3.100190 x10^-10 M
#Temperature 298.000000 K
#Acoustic MSRD 0.00140664 x10^-20 M^2
#Nu3 Optical MSRD 0.00147766 x10^-20 M^2
#Nu1 Optical MSRD 0.00119504 x10^-20 M^2
#Nu2 Optical MSRD 0.000983512 x10^-20 M^2
#Total MSRD 0.00506286 x10^-20 M^2
###############################################################
0.000000 0.000003
0.001447 0.982031
-0.001447 0.982031
0.004341 1.964024
-0.004341 1.964024
0.007235 2.945941
-0.007235 2.945941
0.010130 3.927744
-0.010130 3.927744
0.013024 4.909395
-0.013024 4.909395
0.015918 5.890855
-0.015918 5.890855
0.018812 6.872087
-0.018812 6.872087
0.021706 7.853052
-0.021706 7.853052
0.024600 8.833713
-0.024600 8.833713
0.027494 9.814031
-0.027494 9.814031
0.030389 10.793967
-0.030389 10.793967
0.033283 11.773484
-0.033283 11.773484
0.036177 12.752543
-0.036177 12.752543
0.039071 13.731106
-0.039071 13.731106
0.041965 14.709134
-0.041965 14.709134
0.044859 15.686589
-0.044859 15.686589
0.047753 16.663432
-0.047753 16.663432
0.050648 17.639625
-0.050648 17.639625
0.053542 18.615128
-0.053542 18.615128
0.056436 19.589903
-0.056436 19.589903
0.059330 20.563912
-0.059330 20.563912
0.062224 21.537114
-0.062224 21.537114
0.065118 22.509471
-0.065118 22.509471
0.068012 23.480943
-0.068012 23.480943
0.070907 24.451492
-0.070907 24.451492
0.073801 25.421078
-0.073801 25.421078
0.076695 26.389661
-0.076695 26.389661
0.079589 27.357201
-0.079589 27.357201
0.082483 28.323660
-0.082483 28.323660
0.085377 29.288995
-0.085377 29.288995
0.088271 30.253169
-0.088271 30.253169
0.091166 31.216140
-0.091166 31.216140
0.094060 32.177867
-0.094060 32.177867
0.096954 33.138311
-0.096954 33.138311
0.099848 34.097431
-0.099848 34.097431
0.102742 35.055185
-0.102742 35.055185
0.105636 36.011533
-0.105636 36.011533
0.108530 36.966432
-0.108530 36.966432
0.111425 37.919843
-0.111425 37.919843
0.114319 38.871722
-0.114319 38.871722
0.117213 39.822028
-0.117213 39.822028
0.120107 40.770719
-0.120107 40.770719
0.123001 41.717752
-0.123001 41.717752
0.125895 42.663085
-0.125895 42.663085
0.128789 43.606675
-0.128789 43.606675
0.131684 44.548478
-0.131684 44.548478
0.134578 45.488451
-0.134578 45.488451
0.137472 46.426551
-0.137472 46.426551
0.140366 47.362733
-0.140366 47.362733
0.143260 48.296953
-0.143260 48.296953
0.146154 49.229166
-0.146154 49.229166
0.149048 50.159327
-0.149048 50.159327
0.151943 51.087391
-0.151943 51.087391
0.154837 52.013312
-0.154837 52.013312
0.157731 52.937043
-0.157731 52.937043
0.160625 53.858538
-0.160625 53.858538
0.163519 54.777750
-0.163519 54.777750
0.166413 55.694631
-0.166413 55.694631
0.169307 56.609133
-0.169307 56.609133
0.172202 57.521207
-0.172202 57.521207
0.175096 58.430804
-0.175096 58.430804
0.177990 59.337874
-0.177990 59.337874
0.180884 60.242365
-0.180884 60.242365
0.183778 61.144227
-0.183778 61.144227
0.186672 62.043406
-0.186672 62.043406
0.189566 62.939850
-0.189566 62.939850
0.192461 63.833504
-0.192461 63.833504
0.195355 64.724312
-0.195355 64.724312
0.198249 65.612217
-0.198249 65.612217
0.201143 66.497160
-0.201143 66.497160
0.204037 67.379083
-0.204037 67.379083
0.206931 68.257921
-0.206931 68.257921
0.209825 69.133610
-0.209825 69.133610
0.212720 70.006084
-0.212720 70.006084
0.215614 70.875272
-0.215614 70.875272
0.218508 71.741099
-0.218508 71.741099
0.221402 72.603488
-0.221402 72.603488
0.224296 73.462353
-0.224296 73.462353
0.227190 74.317606
-0.227190 74.317606
0.230084 75.169146
-0.230084 75.169146
0.232979 76.016865
-0.232979 76.016865
0.235873 76.860642
-0.235873 76.860642
0.238767 77.700338
-0.238767 77.700338
0.241661 78.535795
-0.241661 78.535795
0.244555 79.366825
-0.244555 79.366825
0.247449 80.193203
-0.247449 80.193203
0.250343 81.014653
-0.250343 81.014653
0.253238 81.830825
-0.253238 81.830825
0.256132 82.641268
-0.256132 82.641268
0.259026 83.445379
-0.259026 83.445379
0.261920 84.242322
-0.261920 84.242322
0.264814 85.030899
-0.264814 85.030899
0.267708 85.809311
-0.267708 85.809311
0.270602 86.574724
-0.270602 86.574724
0.273497 87.322400
-0.273497 87.322400
0.276391 88.043854
-0.276391 88.043854
0.279285 88.722659
-0.279285 88.722659
0.282179 89.324503
-0.282179 89.324503
0.285073 89.776382
-0.285073 89.776382
0.287967 89.953889
-0.287967 93.204829
-0.287967 93.377812
0.287967 93.377812
-0.285073 93.816118
0.285073 93.816118
-0.282179 94.395339
0.282179 94.395339
-0.279285 95.042470
0.279285 95.042470
-0.276391 95.723194
0.276391 95.723194
-0.273497 96.421082
0.273497 96.421082
-0.270602 97.127643
0.270602 97.127643
-0.267708 97.838134
0.267708 97.838134
-0.264814 98.549714
0.264814 98.549714
-0.261920 99.260579
0.261920 99.260579
-0.259026 99.969520
0.259026 99.969520
-0.256132 100.675696
0.256132 100.675696
-0.253238 101.378491
0.253238 101.378491
-0.250343 102.077444
0.250343 102.077444
-0.247449 102.772196
0.247449 102.772196
-0.244555 103.462456
0.244555 103.462456
-0.241661 104.147989
0.241661 104.147989
-0.238767 104.828593
0.238767 104.828593
-0.235873 105.504094
0.235873 105.504094
-0.232979 106.174340
0.232979 106.174340
-0.230084 106.839193
0.230084 106.839193
-0.227190 107.498528
0.227190 107.498528
-0.224296 108.152229
0.224296 108.152229
-0.221402 108.800188
0.221402 108.800188
-0.218508 109.442302
0.218508 109.442302
-0.215614 110.078475
0.215614 110.078475
-0.212720 110.708611
0.212720 110.708611
-0.209825 111.332620
0.209825 111.332620
-0.206931 111.950414
0.206931 111.950414
-0.204037 112.561908
0.204037 112.561908
-0.201143 113.167015
0.201143 113.167015
-0.198249 113.765655
0.198249 113.765655
-0.195355 114.357744
0.195355 114.357744
-0.192461 114.943203
0.192461 114.943203
-0.189566 115.521952
0.189566 115.521952
-0.186672 116.093912
0.186672 116.093912
-0.183778 116.659005
0.183778 116.659005
-0.180884 117.217153
0.180884 117.217153
-0.177990 117.768279
0.177990 117.768279
-0.175096 118.312307
0.175096 118.312307
-0.172202 118.849160
0.172202 118.849160
-0.169307 119.378763
0.169307 119.378763
-0.166413 119.901040
0.166413 119.901040
-0.163519 120.415917
0.163519 120.415917
-0.160625 120.923319
0.160625 120.923319
-0.157731 121.423173
0.157731 121.423173
-0.154837 121.915404
0.154837 121.915404
-0.151943 122.399939
0.151943 122.399939
-0.149048 122.876707
0.149048 122.876707
-0.146154 123.345633
0.146154 123.345633
-0.143260 123.806647
0.143260 123.806647
-0.140366 124.259677
0.140366 124.259677
-0.137472 124.704652
0.137472 124.704652
-0.134578 125.141503
0.134578 125.141503
-0.131684 125.570159
0.131684 125.570159
-0.128789 125.990552
0.128789 125.990552
-0.125895 126.402613
0.125895 126.402613
-0.123001 126.806274
0.123001 126.806274
-0.120107 127.201469
0.120107 127.201469
-0.117213 127.588131
0.117213 127.588131
-0.114319 127.966195
0.114319 127.966195
-0.111425 128.335596
0.111425 128.335596
-0.108530 128.696271
0.108530 128.696271
-0.105636 129.048157
0.105636 129.048157
-0.102742 129.391192
0.102742 129.391192
-0.099848 129.725316
0.099848 129.725316
-0.096954 130.050469
0.096954 130.050469
-0.094060 130.366591
0.094060 130.366591
-0.091166 130.673627
0.091166 130.673627
-0.088271 130.971519
0.088271 130.971519
-0.085377 131.260213
0.085377 131.260213
-0.082483 131.539654
0.082483 131.539654
-0.079589 131.809791
0.079589 131.809791
-0.076695 132.070573
0.076695 132.070573
-0.073801 132.321949
0.073801 132.321949
-0.070907 132.563872
0.070907 132.563872
-0.068012 132.796294
0.068012 132.796294
-0.065118 133.019172
0.065118 133.019172
-0.062224 133.232460
0.062224 133.232460
-0.059330 133.436118
0.059330 133.436118
-0.056436 133.630105
0.056436 133.630105
-0.053542 133.814383
0.053542 133.814383
-0.050648 133.988914
0.050648 133.988914
-0.047753 134.153664
0.047753 134.153664
-0.044859 134.308599
0.044859 134.308599
-0.041965 134.453688
0.041965 134.453688
-0.039071 134.588901
0.039071 134.588901
-0.036177 134.714211
0.036177 134.714211
-0.033283 134.829592
0.033283 134.829592
-0.030389 134.935020
0.030389 134.935020
-0.027494 135.030474
0.027494 135.030474
-0.024600 135.115933
0.024600 135.115933
-0.021706 135.191381
0.021706 135.191381
-0.018812 135.256801
0.018812 135.256801
-0.015918 135.312179
0.015918 135.312179
-0.013024 135.357504
0.013024 135.357504
-0.010130 135.392767
0.010130 135.392767
-0.007235 135.417960
0.007235 135.417960
-0.004341 135.433078
0.004341 135.433078
-0.001447 135.438118
0.001447 325.409360
0.001447 325.411303
-0.001447 325.411303
0.004341 325.417129
-0.004341 325.417129
0.007235 325.426836
-0.007235 325.426836
0.010130 325.440417
-0.010130 325.440417
0.013024 325.457865
-0.013024 325.457865
0.015918 325.479170
-0.015918 325.479170
0.018812 325.504319
-0.018812 325.504319
0.021706 325.533297
-0.021706 325.533297
0.024600 325.566087
-0.024600 325.566087
0.027494 325.602670
-0.027494 325.602670
0.030389 325.643026
-0.030389 325.643026
0.033283 325.687129
-0.033283 325.687129
0.036177 325.734955
-0.036177 325.734955
0.039071 325.786474
-0.039071 325.786474
0.041965 325.841659
-0.041965 325.841659
0.044859 325.900475
-0.044859 325.900475
0.047753 325.962889
-0.047753 325.962889
0.050648 326.028863
-0.050648 326.028863
0.053542 326.098361
-0.053542 326.098361
0.056436 326.171340
-0.056436 326.171340
0.059330 326.247759
-0.059330 326.247759
0.062224 326.327573
-0.062224 326.327573
0.065118 326.410734
-0.065118 326.410734
0.068012 326.497195
-0.068012 326.497195
0.070907 326.586904
-0.070907 326.586904
0.073801 326.679810
-0.073801 326.679810
0.076695 326.775858
-0.076695 326.775858
0.079589 326.874991
-0.079589 326.874991
0.082483 326.977151
-0.082483 326.977151
0.085377 327.082278
-0.085377 327.082278
0.088271 327.190311
-0.088271 327.190311
0.091166 327.301184
-0.091166 327.301184
0.094060 327.414833
-0.094060 327.414833
0.096954 327.531191
-0.096954 327.531191
0.099848 327.650186
-0.099848 327.650186
0.102742 327.771749
-0.102742 327.771749
0.105636 327.895807
-0.105636 327.895807
0.108530 328.022284
-0.108530 328.022284
0.111425 328.151104
-0.111425 328.151104
0.114319 328.282188
-0.114319 328.282188
0.117213 328.415455
-0.117213 328.415455
0.120107 328.550824
-0.120107 328.550824
0.123001 328.688209
-0.123001 328.688209
0.125895 328.827525
-0.125895 328.827525
0.128789 328.968683
-0.128789 328.968683
0.131684 329.111592
-0.131684 329.111592
0.134578 329.256159
-0.134578 329.256159
0.137472 329.402291
-0.137472 329.402291
0.140366 329.549889
-0.140366 329.549889
0.143260 329.698855
-0.143260 329.698855
0.146154 329.849087
-0.146154 329.849087
0.149048 330.000479
-0.149048 330.000479
0.151943 330.152925
-0.151943 330.152925
0.154837 330.306315
-0.154837 330.306315
0.157731 330.460537
-0.157731 330.460537
0.160625 330.615474
-0.160625 330.615474
0.163519 330.771008
-0.163519 330.771008
0.166413 330.927016
-0.166413 330.927016
0.169307 331.083372
-0.169307 331.083372
0.172202 331.239948
-0.172202 331.239948
0.175096 331.396608
-0.175096 331.396608
0.177990 331.553217
-0.177990 331.553217
0.180884 331.709631
-0.180884 331.709631
0.183778 331.865705
-0.183778 331.865705
0.186672 332.021286
-0.186672 332.021286
0.189566 332.176219
-0.189566 332.176219
0.192461 332.330342
-0.192461 332.330342
0.195355 332.483487
-0.195355 332.483487
0.198249 332.635481
-0.198249 332.635481
0.201143 332.786145
-0.201143 332.786145
0.204037 332.935294
-0.204037 332.935294
0.206931 333.082733
-0.206931 333.082733
0.209825 333.228266
-0.209825 333.228266
0.212720 333.371685
-0.212720 333.371685
0.215614 333.512777
-0.215614 333.512777
0.218508 333.651322
-0.218508 333.651322
0.221402 333.787092
-0.221402 333.787092
0.224296 333.919853
-0.224296 333.919853
0.227190 334.049362
-0.227190 334.049362
0.230084 334.175371
-0.230084 334.175371
0.232979 334.297626
-0.232979 334.297626
0.235873 334.415865
-0.235873 334.415865
0.238767 334.529825
-0.238767 334.529825
0.241661 334.639234
-0.241661 334.639234
0.244555 334.743822
-0.244555 334.743822
0.247449 334.843316
-0.247449 334.843316
0.250343 334.937441
-0.250343 334.937441
0.253238 335.025929
-0.253238 335.025929
0.256132 335.108511
-0.256132 335.108511
0.259026 335.184929
-0.259026 335.184929
0.261920 335.254933
-0.261920 335.254933
0.264814 335.318284
-0.264814 335.318284
0.267708 335.374760
-0.267708 335.374760
0.270602 335.424153
-0.270602 335.424153
0.273497 335.466280
-0.273497 335.466280
0.276391 335.500978
-0.276391 335.500978
0.279285 335.528111
-0.279285 335.528111
0.282179 335.547571
-0.282179 335.547571
0.285073 335.559279
-0.285073 335.559279
0.287967 335.563187
-0.287967 347.690468
-0.287967 347.693704
0.287967 347.693704
-0.285073 347.703398
0.285073 347.703398
-0.282179 347.719502
0.282179 347.719502
-0.279285 347.741942
0.279285 347.741942
-0.276391 347.770614
0.276391 347.770614
-0.273497 347.805385
0.273497 347.805385
-0.270602 347.846101
0.270602 347.846101
-0.267708 347.892584
0.267708 347.892584
-0.264814 347.944637
0.264814 347.944637
-0.261920 348.002048
0.261920 348.002048
-0.259026 348.064588
0.259026 348.064588
-0.256132 348.132020
0.256132 348.132020
-0.253238 348.204098
0.253238 348.204098
-0.250343 348.280570
0.250343 348.280570
-0.247449 348.361181
0.247449 348.361181
-0.244555 348.445674
0.244555 348.445674
-0.241661 348.533795
0.241661 348.533795
-0.238767 348.625290
0.238767 348.625290
-0.235873 348.719910
0.235873 348.719910
-0.232979 348.817411
0.232979 348.817411
-0.230084 348.917555
0.230084 348.917555
-0.227190 349.020110
0.227190 349.020110
-0.224296 349.124852
0.224296 349.124852
-0.221402 349.231564
0.221402 349.231564
-0.218508 349.340038
0.218508 349.340038
-0.215614 349.450073
0.215614 349.450073
-0.212720 349.561477
0.212720 349.561477
-0.209825 349.674066
0.209825 349.674066
-0.206931 349.787665
0.206931 349.787665
-0.204037 349.902104
0.204037 349.902104
-0.201143 350.017223
0.201143 350.017223
-0.198249 350.132869
0.198249 350.132869
-0.195355 350.248897
0.195355 350.248897
-0.192461 350.365168
0.192461 350.365168
-0.189566 350.481549
0.189566 350.481549
-0.186672 350.597914
0.186672 350.597914
-0.183778 350.714144
0.183778 350.714144
-0.180884 350.830125
0.180884 350.830125
-0.177990 350.945747
0.177990 350.945747
-0.175096 351.060909
0.175096 351.060909
-0.172202 351.175511
0.172202 351.175511
-0.169307 351.289461
0.169307 351.289461
-0.166413 351.402668
0.166413 351.402668
-0.163519 351.515048
0.163519 351.515048
-0.160625 351.626520
0.160625 351.626520
-0.157731 351.737008
0.157731 351.737008
-0.154837 351.846436
0.154837 351.846436
-0.151943 351.954737
0.151943 351.954737
-0.149048 352.061842
0.149048 352.061842
-0.146154 352.167687
0.146154 352.167687
-0.143260 352.272213
0.143260 352.272213
-0.140366 352.375361
0.140366 352.375361
-0.137472 352.477074
0.137472 352.477074
-0.134578 352.577302
0.134578 352.577302
-0.131684 352.675991
0.131684 352.675991
-0.128789 352.773095
0.128789 352.773095
-0.125895 352.868567
0.125895 352.868567
-0.123001 352.962363
0.123001 352.962363
-0.120107 353.054439
0.120107 353.054439
-0.117213 353.144757
0.117213 353.144757
-0.114319 353.233276
0.114319 353.233276
-0.111425 353.319961
0.111425 353.319961
-0.108530 353.404775
0.108530 353.404775
-0.105636 353.487685
0.105636 353.487685
-0.102742 353.568658
0.102742 353.568658
-0.099848 353.647664
0.099848 353.647664
-0.096954 353.724672
0.096954 353.724672
-0.094060 353.799654
0.094060 353.799654
-0.091166 353.872584
0.091166 353.872584
-0.088271 353.943435
0.088271 353.943435
-0.085377 354.012183
0.085377 354.012183
-0.082483 354.078804
0.082483 354.078804
-0.079589 354.143275
0.079589 354.143275
-0.076695 354.205576
0.076695 354.205576
-0.073801 354.265686
0.073801 354.265686
-0.070907 354.323585
0.070907 354.323585
-0.068012 354.379255
0.068012 354.379255
-0.065118 354.432679
0.065118 354.432679
-0.062224 354.483840
0.062224 354.483840
-0.059330 354.532722
0.059330 354.532722
-0.056436 354.579310
0.056436 354.579310
-0.053542 354.623590
0.053542 354.623590
-0.050648 354.665550
0.050648 354.665550
-0.047753 354.705176
0.047753 354.705176
-0.044859 354.742458
0.044859 354.742458
-0.041965 354.777383
0.041965 354.777383
-0.039071 354.809943
0.039071 354.809943
-0.036177 354.840128
0.036177 354.840128
-0.033283 354.867929
0.033283 354.867929
-0.030389 354.893339
0.030389 354.893339
-0.027494 354.916350
0.027494 354.916350
-0.024600 354.936956
0.024600 354.936956
-0.021706 354.955151
0.021706 354.955151
-0.018812 354.970931
0.018812 354.970931
-0.015918 354.984290
0.015918 354.984290
-0.013024 354.995225
0.013024 354.995225
-0.010130 355.003733
0.010130 355.003733
-0.007235 355.009812
0.007235 355.009812
-0.004341 355.013460
0.004341 355.013460
-0.001447 355.014676
