###############################################################
#Number of atoms in chain 800
#Number of cells 200
#Short Pt-X force constant 166.000000 N/M
#Long Pt-X force constant 45.400000 N/M
#Short X-X force constant -2.300000 N/M
#Long X-X force constant -2.300000 N/M
#Pt-Pt force constant 0.000000 N/M
#Distance between atom pair 2.327310 x10^-10 M
#Temperature 298.000000 K
#Acoustic MSRD 0.000231161 x10^-20 M^2
#Nu3 Optical MSRD 0.000231882 x10^-20 M^2
#Nu1 Optical MSRD 0.00117163 x10^-20 M^2
#Nu2 Optical MSRD 0.00130886 x10^-20 M^2
#Total MSRD 0.00294353 x10^-20 M^2
###############################################################
0.000000 0.000002
0.001447 0.769134
-0.001447 0.769134
0.004341 1.538241
-0.004341 1.538241
0.007235 2.307291
-0.007235 2.307291
0.010130 3.076258
-0.010130 3.076258
0.013024 3.845113
-0.013024 3.845113
0.015918 4.613829
-0.015918 4.613829
0.018812 5.382376
-0.018812 5.382376
0.021706 6.150728
-0.021706 6.150728
0.024600 6.918856
-0.024600 6.918856
0.027494 7.686731
-0.027494 7.686731
0.030389 8.454326
-0.030389 8.454326
0.033283 9.221612
-0.033283 9.221612
0.036177 9.988559
-0.036177 9.988559
0.039071 10.755140
-0.039071 10.755140
0.041965 11.521326
-0.041965 11.521326
0.044859 12.287087
-0.044859 12.287087
0.047753 13.052395
-0.047753 13.052395
0.050648 13.817219
-0.050648 13.817219
0.053542 14.581531
-0.053542 14.581531
0.056436 15.345300
-0.056436 15.345300
0.059330 16.108497
-0.059330 16.108497
0.062224 16.871090
-0.062224 16.871090
0.065118 17.633051
-0.065118 17.633051
0.068012 18.394348
-0.068012 18.394348
0.070907 19.154949
-0.070907 19.154949
0.073801 19.914824
-0.073801 19.914824
0.076695 20.673941
-0.076695 20.673941
0.079589 21.432267
-0.079589 21.432267
0.082483 22.189771
-0.082483 22.189771
0.085377 22.946419
-0.085377 22.946419
0.088271 23.702178
-0.088271 23.702178
0.091166 24.457015
-0.091166 24.457015
0.094060 25.210895
-0.094060 25.210895
0.096954 25.963783
-0.096954 25.963783
0.099848 26.715646
-0.099848 26.715646
0.102742 27.466446
-0.102742 27.466446
0.105636 28.216147
-0.105636 28.216147
0.108530 28.964714
-0.108530 28.964714
0.111425 29.712107
-0.111425 29.712107
0.114319 30.458289
-0.114319 30.458289
0.117213 31.203220
-0.117213 31.203220
0.120107 31.946861
-0.120107 31.946861
0.123001 32.689171
-0.123001 32.689171
0.125895 33.430109
-0.125895 33.430109
0.128789 34.169630
-0.128789 34.169630
0.131684 34.907692
-0.131684 34.907692
0.134578 35.644250
-0.134578 35.644250
0.137472 36.379258
-0.137472 36.379258
0.140366 37.112667
-0.140366 37.112667
0.143260 37.844430
-0.143260 37.844430
0.146154 38.574494
-0.146154 38.574494
0.149048 39.302809
-0.149048 39.302809
0.151943 40.029320
-0.151943 40.029320
0.154837 40.753970
-0.154837 40.753970
0.157731 41.476702
-0.157731 41.476702
0.160625 42.197454
-0.160625 42.197454
0.163519 42.916162
-0.163519 42.916162
0.166413 43.632761
-0.166413 43.632761
0.169307 44.347180
-0.169307 44.347180
0.172202 45.059345
-0.172202 45.059345
0.175096 45.769180
-0.175096 45.769180
0.177990 46.476602
-0.177990 46.476602
0.180884 47.181524
-0.180884 47.181524
0.183778 47.883854
-0.183778 47.883854
0.186672 48.583492
-0.186672 48.583492
0.189566 49.280332
-0.189566 49.280332
0.192461 49.974259
-0.192461 49.974259
0.195355 50.665151
-0.195355 50.665151
0.198249 51.352872
-0.198249 51.352872
0.201143 52.037276
-0.201143 52.037276
0.204037 52.718204
-0.204037 52.718204
0.206931 53.395478
-0.206931 53.395478
0.209825 54.068905
-0.209825 54.068905
0.212720 54.738266
-0.212720 54.738266
0.215614 55.403320
-0.215614 55.403320
0.218508 56.063794
-0.218508 56.063794
0.221402 56.719381
-0.221402 56.719381
0.224296 57.369732
-0.224296 57.369732
0.227190 58.014447
-0.227190 58.014447
0.230084 58.653066
-0.230084 58.653066
0.232979 59.285056
-0.232979 59.285056
0.235873 59.909798
-0.235873 59.909798
0.238767 60.526564
-0.238767 60.526564
0.241661 61.134495
-0.241661 61.134495
0.244555 61.732571
-0.244555 61.732571
0.247449 62.319572
-0.247449 62.319572
0.250343 62.894033
-0.250343 62.894033
0.253238 63.454178
-0.253238 63.454178
0.256132 63.997855
-0.256132 63.997855
0.259026 64.522438
-0.259026 64.522438
0.261920 65.024726
-0.261920 65.024726
0.264814 65.500822
-0.264814 65.500822
0.267708 65.946012
-0.267708 65.946012
0.270602 66.354669
-0.270602 66.354669
0.273497 66.720216
-0.273497 66.720216
0.276391 67.035240
-0.276391 67.035240
0.279285 67.291814
-0.279285 67.291814
0.282179 67.482135
-0.282179 67.482135
0.285073 67.599448
-0.285073 67.599448
0.287967 67.639107
-0.287967 77.796192
-0.287967 77.832393
0.287967 77.832393
-0.285073 77.939333
0.285073 77.939333
-0.282179 78.112364
0.282179 78.112364
-0.279285 78.344730
0.279285 78.344730
-0.276391 78.628624
0.276391 78.628624
-0.273497 78.956116
0.273497 78.956116
-0.270602 79.319786
0.270602 79.319786
-0.267708 79.713056
0.267708 79.713056
-0.264814 80.130289
0.264814 80.130289
-0.261920 80.566765
0.261920 80.566765
-0.259026 81.018580
0.259026 81.018580
-0.256132 81.482523
0.256132 81.482523
-0.253238 81.955961
0.253238 81.955961
-0.250343 82.436728
0.250343 82.436728
-0.247449 82.923041
0.247449 82.923041
-0.244555 83.413421
0.244555 83.413421
-0.241661 83.906635
0.241661 83.906635
-0.238767 84.401650
0.238767 84.401650
-0.235873 84.897594
0.235873 84.897594
-0.232979 85.393724
0.232979 85.393724
-0.230084 85.889405
0.230084 85.889405
-0.227190 86.384088
0.227190 86.384088
-0.224296 86.877297
0.224296 86.877297
-0.221402 87.368614
0.221402 87.368614
-0.218508 87.857672
0.218508 87.857672
-0.215614 88.344145
0.215614 88.344145
-0.212720 88.827741
0.212720 88.827741
-0.209825 89.308198
0.209825 89.308198
-0.206931 89.785279
0.206931 89.785279
-0.204037 90.258768
0.204037 90.258768
-0.201143 90.728467
0.201143 90.728467
-0.198249 91.194193
0.198249 91.194193
-0.195355 91.655778
0.195355 91.655778
-0.192461 92.113065
0.192461 92.113065
-0.189566 92.565907
0.189566 92.565907
-0.186672 93.014165
0.186672 93.014165
-0.183778 93.457709
0.183778 93.457709
-0.180884 93.896415
0.180884 93.896415
-0.177990 94.330167
0.177990 94.330167
-0.175096 94.758851
0.175096 94.758851
-0.172202 95.182361
0.172202 95.182361
-0.169307 95.600593
0.169307 95.600593
-0.166413 96.013448
0.166413 96.013448
-0.163519 96.420831
0.163519 96.420831
-0.160625 96.822648
0.160625 96.822648
-0.157731 97.218810
0.157731 97.218810
-0.154837 97.609230
0.154837 97.609230
-0.151943 97.993823
0.151943 97.993823
-0.149048 98.372506
0.149048 98.372506
-0.146154 98.745200
0.146154 98.745200
-0.143260 99.111826
0.143260 99.111826
-0.140366 99.472307
0.140366 99.472307
-0.137472 99.826569
0.137472 99.826569
-0.134578 100.174538
0.134578 100.174538
-0.131684 100.516143
0.131684 100.516143
-0.128789 100.851313
0.128789 100.851313
-0.125895 101.179981
0.125895 101.179981
-0.123001 101.502078
0.123001 101.502078
-0.120107 101.817540
0.120107 101.817540
-0.117213 102.126301
0.117213 102.126301
-0.114319 102.428300
0.114319 102.428300
-0.111425 102.723473
0.111425 102.723473
-0.108530 103.011761
0.108530 103.011761
-0.105636 103.293104
0.105636 103.293104
-0.102742 103.567446
0.102742 103.567446
-0.099848 103.834729
0.099848 103.834729
-0.096954 104.094898
0.096954 104.094898
-0.094060 104.347900
0.094060 104.347900
-0.091166 104.593683
0.091166 104.593683
-0.088271 104.832194
0.088271 104.832194
-0.085377 105.063385
0.085377 105.063385
-0.082483 105.287207
0.082483 105.287207
-0.079589 105.503613
0.079589 105.503613
-0.076695 105.712558
0.076695 105.712558
-0.073801 105.913998
0.073801 105.913998
-0.070907 106.107889
0.070907 106.107889
-0.068012 106.294192
0.068012 106.294192
-0.065118 106.472865
0.065118 106.472865
-0.062224 106.643871
0.062224 106.643871
-0.059330 106.807174
0.059330 106.807174
-0.056436 106.962738
0.056436 106.962738
-0.053542 107.110529
0.053542 107.110529
-0.050648 107.250516
0.050648 107.250516
-0.047753 107.382669
0.047753 107.382669
-0.044859 107.506958
0.044859 107.506958
-0.041965 107.623357
0.041965 107.623357
-0.039071 107.731840
0.039071 107.731840
-0.036177 107.832383
0.036177 107.832383
-0.033283 107.924965
0.033283 107.924965
-0.030389 108.009565
0.030389 108.009565
-0.027494 108.086164
0.027494 108.086164
-0.024600 108.154746
0.024600 108.154746
-0.021706 108.215295
0.021706 108.215295
-0.018812 108.267798
0.018812 108.267798
-0.015918 108.312243
0.015918 108.312243
-0.013024 108.348621
0.013024 108.348621
-0.010130 108.376923
0.010130 108.376923
-0.007235 108.397143
0.007235 108.397143
-0.004341 108.409277
0.004341 108.409277
-0.001447 108.413322
0.001447 311.120090
0.001447 311.121560
-0.001447 311.121560
0.004341 311.125969
-0.004341 311.125969
0.007235 311.133314
-0.007235 311.133314
0.010130 311.143588
-0.010130 311.143588
0.013024 311.156783
-0.013024 311.156783
0.015918 311.172889
-0.015918 311.172889
0.018812 311.191892
-0.018812 311.191892
0.021706 311.213777
-0.021706 311.213777
0.024600 311.238527
-0.024600 311.238527
0.027494 311.266121
-0.027494 311.266121
0.030389 311.296536
-0.030389 311.296536
0.033283 311.329749
-0.033283 311.329749
0.036177 311.365732
-0.036177 311.365732
0.039071 311.404455
-0.039071 311.404455
0.041965 311.445887
-0.041965 311.445887
0.044859 311.489995
-0.044859 311.489995
0.047753 311.536742
-0.047753 311.536742
0.050648 311.586089
-0.050648 311.586089
0.053542 311.637997
-0.053542 311.637997
0.056436 311.692423
-0.056436 311.692423
0.059330 311.749321
-0.059330 311.749321
0.062224 311.808645
-0.062224 311.808645
0.065118 311.870345
-0.065118 311.870345
0.068012 311.934371
-0.068012 311.934371
0.070907 312.000669
-0.070907 312.000669
0.073801 312.069184
-0.073801 312.069184
0.076695 312.139858
-0.076695 312.139858
0.079589 312.212633
-0.079589 312.212633
0.082483 312.287446
-0.082483 312.287446
0.085377 312.364235
-0.085377 312.364235
0.088271 312.442935
-0.088271 312.442935
0.091166 312.523479
-0.091166 312.523479
0.094060 312.605798
-0.094060 312.605798
0.096954 312.689821
-0.096954 312.689821
0.099848 312.775476
-0.099848 312.775476
0.102742 312.862689
-0.102742 312.862689
0.105636 312.951384
-0.105636 312.951384
0.108530 313.041484
-0.108530 313.041484
0.111425 313.132910
-0.111425 313.132910
0.114319 313.225581
-0.114319 313.225581
0.117213 313.319415
-0.117213 313.319415
0.120107 313.414328
-0.120107 313.414328
0.123001 313.510236
-0.123001 313.510236
0.125895 313.607051
-0.125895 313.607051
0.128789 313.704686
-0.128789 313.704686
0.131684 313.803051
-0.131684 313.803051
0.134578 313.902057
-0.134578 313.902057
0.137472 314.001612
-0.137472 314.001612
0.140366 314.101622
-0.140366 314.101622
0.143260 314.201993
-0.143260 314.201993
0.146154 314.302632
-0.146154 314.302632
0.149048 314.403441
-0.149048 314.403441
0.151943 314.504325
-0.151943 314.504325
0.154837 314.605185
-0.154837 314.605185
0.157731 314.705922
-0.157731 314.705922
0.160625 314.806438
-0.160625 314.806438
0.163519 314.906633
-0.163519 314.906633
0.166413 315.006407
-0.166413 315.006407
0.169307 315.105658
-0.169307 315.105658
0.172202 315.204285
-0.172202 315.204285
0.175096 315.302188
-0.175096 315.302188
0.177990 315.399264
-0.177990 315.399264
0.180884 315.495411
-0.180884 315.495411
0.183778 315.590529
-0.183778 315.590529
0.186672 315.684515
-0.186672 315.684515
0.189566 315.777268
-0.189566 315.777268
0.192461 315.868687
-0.192461 315.868687
0.195355 315.958672
-0.195355 315.958672
0.198249 316.047122
-0.198249 316.047122
0.201143 316.133940
-0.201143 316.133940
0.204037 316.219026
-0.204037 316.219026
0.206931 316.302284
-0.206931 316.302284
0.209825 316.383617
-0.209825 316.383617
0.212720 316.462931
-0.212720 316.462931
0.215614 316.540133
-0.215614 316.540133
0.218508 316.615132
-0.218508 316.615132
0.221402 316.687837
-0.221402 316.687837
0.224296 316.758160
-0.224296 316.758160
0.227190 316.826018
-0.227190 316.826018
0.230084 316.891325
-0.230084 316.891325
0.232979 316.954002
-0.232979 316.954002
0.235873 317.013970
-0.235873 317.013970
0.238767 317.071153
-0.238767 317.071153
0.241661 317.125480
-0.241661 317.125480
0.244555 317.176881
-0.244555 317.176881
0.247449 317.225289
-0.247449 317.225289
0.250343 317.270643
-0.250343 317.270643
0.253238 317.312883
-0.253238 317.312883
0.256132 317.351954
-0.256132 317.351954
0.259026 317.387804
-0.259026 317.387804
0.261920 317.420387
-0.261920 317.420387
0.264814 317.449658
-0.264814 317.449658
0.267708 317.475579
-0.267708 317.475579
0.270602 317.498115
-0.270602 317.498115
0.273497 317.517236
-0.273497 317.517236
0.276391 317.532916
-0.276391 317.532916
0.279285 317.545133
-0.279285 317.545133
0.282179 317.553871
-0.282179 317.553871
0.285073 317.559119
-0.285073 317.559119
0.287967 317.560869
-0.287967 351.149368
-0.287967 351.150566
0.287967 351.150566
-0.285073 351.154156
0.285073 351.154156
-0.282179 351.160134
0.282179 351.160134
-0.279285 351.168490
0.279285 351.168490
-0.276391 351.179211
0.276391 351.179211
-0.273497 351.192280
0.273497 351.192280
-0.270602 351.207677
0.270602 351.207677
-0.267708 351.225378
0.267708 351.225378
-0.264814 351.245357
0.264814 351.245357
-0.261920 351.267582
0.261920 351.267582
-0.259026 351.292019
0.259026 351.292019
-0.256132 351.318631
0.256132 351.318631
-0.253238 351.347380
0.253238 351.347380
-0.250343 351.378220
0.250343 351.378220
-0.247449 351.411107
0.247449 351.411107
-0.244555 351.445992
0.244555 351.445992
-0.241661 351.482825
0.241661 351.482825
-0.238767 351.521552
0.238767 351.521552
-0.235873 351.562117
0.235873 351.562117
-0.232979 351.604463
0.232979 351.604463
-0.230084 351.648531
0.230084 351.648531
-0.227190 351.694259
0.227190 351.694259
-0.224296 351.741584
0.224296 351.741584
-0.221402 351.790443
0.221402 351.790443
-0.218508 351.840769
0.218508 351.840769
-0.215614 351.892495
0.215614 351.892495
-0.212720 351.945555
0.212720 351.945555
-0.209825 351.999879
0.209825 351.999879
-0.206931 352.055397
0.206931 352.055397
-0.204037 352.112041
0.204037 352.112041
-0.201143 352.169739
0.201143 352.169739
-0.198249 352.228420
0.198249 352.228420
-0.195355 352.288014
0.195355 352.288014
-0.192461 352.348450
0.192461 352.348450
-0.189566 352.409655
0.189566 352.409655
-0.186672 352.471560
0.186672 352.471560
-0.183778 352.534093
0.183778 352.534093
-0.180884 352.597183
0.180884 352.597183
-0.177990 352.660762
0.177990 352.660762
-0.175096 352.724758
0.175096 352.724758
-0.172202 352.789103
0.172202 352.789103
-0.169307 352.853728
0.169307 352.853728
-0.166413 352.918566
0.166413 352.918566
-0.163519 352.983549
0.163519 352.983549
-0.160625 353.048611
0.160625 353.048611
-0.157731 353.113687
0.157731 353.113687
-0.154837 353.178712
0.154837 353.178712
-0.151943 353.243622
0.151943 353.243622
-0.149048 353.308356
0.149048 353.308356
-0.146154 353.372852
0.146154 353.372852
-0.143260 353.437049
0.143260 353.437049
-0.140366 353.500889
0.140366 353.500889
-0.137472 353.564312
0.137472 353.564312
-0.134578 353.627262
0.134578 353.627262
-0.131684 353.689684
0.131684 353.689684
-0.128789 353.751521
0.128789 353.751521
-0.125895 353.812722
0.125895 353.812722
-0.123001 353.873234
0.123001 353.873234
-0.120107 353.933006
0.120107 353.933006
-0.117213 353.991988
0.117213 353.991988
-0.114319 354.050131
0.114319 354.050131
-0.111425 354.107390
0.111425 354.107390
-0.108530 354.163717
0.108530 354.163717
-0.105636 354.219067
0.105636 354.219067
-0.102742 354.273399
0.102742 354.273399
-0.099848 354.326668
0.099848 354.326668
-0.096954 354.378835
0.096954 354.378835
-0.094060 354.429860
0.094060 354.429860
-0.091166 354.479705
0.091166 354.479705
-0.088271 354.528332
0.088271 354.528332
-0.085377 354.575705
0.085377 354.575705
-0.082483 354.621791
0.082483 354.621791
-0.079589 354.666555
0.079589 354.666555
-0.076695 354.709966
0.076695 354.709966
-0.073801 354.751993
0.073801 354.751993
-0.070907 354.792605
0.070907 354.792605
-0.068012 354.831776
0.068012 354.831776
-0.065118 354.869476
0.065118 354.869476
-0.062224 354.905682
0.062224 354.905682
-0.059330 354.940367
0.059330 354.940367
-0.056436 354.973508
0.056436 354.973508
-0.053542 355.005083
0.053542 355.005083
-0.050648 355.035070
0.050648 355.035070
-0.047753 355.063450
0.047753 355.063450
-0.044859 355.090204
0.044859 355.090204
-0.041965 355.115314
0.041965 355.115314
-0.039071 355.138763
0.039071 355.138763
-0.036177 355.160537
0.036177 355.160537
-0.033283 355.180621
0.033283 355.180621
-0.030389 355.199002
0.030389 355.199002
-0.027494 355.215668
0.027494 355.215668
-0.024600 355.230608
0.024600 355.230608
-0.021706 355.243814
0.021706 355.243814
-0.018812 355.255275
0.018812 355.255275
-0.015918 355.264986
0.015918 355.264986
-0.013024 355.272940
0.013024 355.272940
-0.010130 355.279131
0.010130 355.279131
-0.007235 355.283556
0.007235 355.283556
-0.004341 355.286212
0.004341 355.286212
-0.001447 355.287098
