###############################################################
#Number of atoms in chain 800
#Number of cells 200
#Short Pt-X force constant 166.000000 N/M
#Long Pt-X force constant 45.400000 N/M
#Short X-X force constant -4.700000 N/M
#Long X-X force constant -4.700000 N/M
#Pt-Pt force constant 0.000000 N/M
#Distance between atom pair 3.100190 x10^-10 M
#Temperature 298.000000 K
#Acoustic MSRD 0.00463141 x10^-20 M^2
#Nu3 Optical MSRD 0.00384146 x10^-20 M^2
#Nu1 Optical MSRD 0.00130505 x10^-20 M^2
#Nu2 Optical MSRD 0.000835234 x10^-20 M^2
#Total MSRD 0.0106131 x10^-20 M^2
###############################################################
0.000000 0.000001
0.001447 0.729173
-0.001447 0.729173
0.004341 1.458328
-0.004341 1.458328
0.007235 2.187447
-0.007235 2.187447
0.010130 2.916510
-0.010130 2.916510
0.013024 3.645500
-0.013024 3.645500
0.015918 4.374399
-0.015918 4.374399
0.018812 5.103187
-0.018812 5.103187
0.021706 5.831847
-0.021706 5.831847
0.024600 6.560359
-0.024600 6.560359
0.027494 7.288704
-0.027494 7.288704
0.030389 8.016864
-0.030389 8.016864
0.033283 8.744820
-0.033283 8.744820
0.036177 9.472551
-0.036177 9.472551
0.039071 10.200038
-0.039071 10.200038
0.041965 10.927262
-0.041965 10.927262
0.044859 11.654203
-0.044859 11.654203
0.047753 12.380839
-0.047753 12.380839
0.050648 13.107151
-0.050648 13.107151
0.053542 13.833117
-0.053542 13.833117
0.056436 14.558716
-0.056436 14.558716
0.059330 15.283926
-0.059330 15.283926
0.062224 16.008726
-0.062224 16.008726
0.065118 16.733093
-0.065118 16.733093
0.068012 17.457004
-0.068012 17.457004
0.070907 18.180435
-0.070907 18.180435
0.073801 18.903363
-0.073801 18.903363
0.076695 19.625763
-0.076695 19.625763
0.079589 20.347611
-0.079589 20.347611
0.082483 21.068881
-0.082483 21.068881
0.085377 21.789546
-0.085377 21.789546
0.088271 22.509580
-0.088271 22.509580
0.091166 23.228956
-0.091166 23.228956
0.094060 23.947644
-0.094060 23.947644
0.096954 24.665616
-0.096954 24.665616
0.099848 25.382843
-0.099848 25.382843
0.102742 26.099292
-0.102742 26.099292
0.105636 26.814933
-0.105636 26.814933
0.108530 27.529732
-0.108530 27.529732
0.111425 28.243655
-0.111425 28.243655
0.114319 28.956668
-0.114319 28.956668
0.117213 29.668734
-0.117213 29.668734
0.120107 30.379816
-0.120107 30.379816
0.123001 31.089874
-0.123001 31.089874
0.125895 31.798868
-0.125895 31.798868
0.128789 32.506755
-0.128789 32.506755
0.131684 33.213492
-0.131684 33.213492
0.134578 33.919033
-0.134578 33.919033
0.137472 34.623330
-0.137472 34.623330
0.140366 35.326334
-0.140366 35.326334
0.143260 36.027990
-0.143260 36.027990
0.146154 36.728246
-0.146154 36.728246
0.149048 37.427042
-0.149048 37.427042
0.151943 38.124319
-0.151943 38.124319
0.154837 38.820012
-0.154837 38.820012
0.157731 39.514054
-0.157731 39.514054
0.160625 40.206373
-0.160625 40.206373
0.163519 40.896894
-0.163519 40.896894
0.166413 41.585536
-0.166413 41.585536
0.169307 42.272212
-0.169307 42.272212
0.172202 42.956833
-0.172202 42.956833
0.175096 43.639300
-0.175096 43.639300
0.177990 44.319508
-0.177990 44.319508
0.180884 44.997344
-0.180884 44.997344
0.183778 45.672687
-0.183778 45.672687
0.186672 46.345407
-0.186672 46.345407
0.189566 47.015359
-0.189566 47.015359
0.192461 47.682391
-0.192461 47.682391
0.195355 48.346332
-0.195355 48.346332
0.198249 49.007000
-0.198249 49.007000
0.201143 49.664191
-0.201143 49.664191
0.204037 50.317683
-0.204037 50.317683
0.206931 50.967229
-0.206931 50.967229
0.209825 51.612557
-0.209825 51.612557
0.212720 52.253362
-0.212720 52.253362
0.215614 52.889305
-0.215614 52.889305
0.218508 53.520006
-0.218508 53.520006
0.221402 54.145036
-0.221402 54.145036
0.224296 54.763911
-0.224296 54.763911
0.227190 55.376083
-0.227190 55.376083
0.230084 55.980925
-0.230084 55.980925
0.232979 56.577722
-0.232979 56.577722
0.235873 57.165656
-0.235873 57.165656
0.238767 57.743782
-0.238767 57.743782
0.241661 58.311010
-0.241661 58.311010
0.244555 58.866078
-0.244555 58.866078
0.247449 59.407522
-0.247449 59.407522
0.250343 59.933640
-0.250343 59.933640
0.253238 60.442456
-0.253238 60.442456
0.256132 60.931676
-0.256132 60.931676
0.259026 61.398648
-0.259026 61.398648
0.261920 61.840323
-0.261920 61.840323
0.264814 62.253230
-0.264814 62.253230
0.267708 62.633470
-0.267708 62.633470
0.270602 62.976756
-0.270602 62.976756
0.273497 63.278501
-0.273497 63.278501
0.276391 63.533982
-0.276391 63.533982
0.279285 63.738595
-0.279285 63.738595
0.282179 63.888179
-0.282179 63.888179
0.285073 63.979388
-0.285073 63.979388
0.287967 64.010044
-0.287967 77.500857
-0.287967 77.528689
0.287967 77.528689
-0.285073 77.611426
0.285073 77.611426
-0.282179 77.746886
0.282179 77.746886
-0.279285 77.931720
0.279285 77.931720
-0.276391 78.161763
0.276391 78.161763
-0.273497 78.432402
0.273497 78.432402
-0.270602 78.738908
0.270602 78.738908
-0.267708 79.076683
0.267708 79.076683
-0.264814 79.441428
0.264814 79.441428
-0.261920 79.829232
0.261920 79.829232
-0.259026 80.236610
0.259026 80.236610
-0.256132 80.660498
0.256132 80.660498
-0.253238 81.098225
0.253238 81.098225
-0.250343 81.547481
0.250343 81.547481
-0.247449 82.006267
0.247449 82.006267
-0.244555 82.472861
0.244555 82.472861
-0.241661 82.945777
0.241661 82.945777
-0.238767 83.423728
0.238767 83.423728
-0.235873 83.905597
0.235873 83.905597
-0.232979 84.390416
0.232979 84.390416
-0.230084 84.877334
0.230084 84.877334
-0.227190 85.365608
0.227190 85.365608
-0.224296 85.854581
0.224296 85.854581
-0.221402 86.343673
0.221402 86.343673
-0.218508 86.832365
0.218508 86.832365
-0.215614 87.320195
0.215614 87.320195
-0.212720 87.806745
0.212720 87.806745
-0.209825 88.291641
0.209825 88.291641
-0.206931 88.774538
0.206931 88.774538
-0.204037 89.255126
0.204037 89.255126
-0.201143 89.733117
0.201143 89.733117
-0.198249 90.208247
0.198249 90.208247
-0.195355 90.680271
0.195355 90.680271
-0.192461 91.148961
0.192461 91.148961
-0.189566 91.614104
0.189566 91.614104
-0.186672 92.075500
0.186672 92.075500
-0.183778 92.532960
0.183778 92.532960
-0.180884 92.986305
0.180884 92.986305
-0.177990 93.435367
0.177990 93.435367
-0.175096 93.879984
0.175096 93.879984
-0.172202 94.320001
0.172202 94.320001
-0.169307 94.755270
0.169307 94.755270
-0.166413 95.185650
0.166413 95.185650
-0.163519 95.611002
0.163519 95.611002
-0.160625 96.031195
0.160625 96.031195
-0.157731 96.446100
0.157731 96.446100
-0.154837 96.855593
0.154837 96.855593
-0.151943 97.259553
0.151943 97.259553
-0.149048 97.657863
0.149048 97.657863
-0.146154 98.050407
0.146154 98.050407
-0.143260 98.437074
0.143260 98.437074
-0.140366 98.817755
0.140366 98.817755
-0.137472 99.192343
0.137472 99.192343
-0.134578 99.560734
0.134578 99.560734
-0.131684 99.922825
0.131684 99.922825
-0.128789 100.278516
0.128789 100.278516
-0.125895 100.627710
0.125895 100.627710
-0.123001 100.970310
0.123001 100.970310
-0.120107 101.306222
0.120107 101.306222
-0.117213 101.635353
0.117213 101.635353
-0.114319 101.957613
0.114319 101.957613
-0.111425 102.272913
0.111425 102.272913
-0.108530 102.581167
0.108530 102.581167
-0.105636 102.882288
0.105636 102.882288
-0.102742 103.176194
0.102742 103.176194
-0.099848 103.462804
0.099848 103.462804
-0.096954 103.742037
0.096954 103.742037
-0.094060 104.013815
0.094060 104.013815
-0.091166 104.278062
0.091166 104.278062
-0.088271 104.534704
0.088271 104.534704
-0.085377 104.783668
0.085377 104.783668
-0.082483 105.024884
0.082483 105.024884
-0.079589 105.258283
0.079589 105.258283
-0.076695 105.483798
0.076695 105.483798
-0.073801 105.701366
0.073801 105.701366
-0.070907 105.910922
0.070907 105.910922
-0.068012 106.112407
0.068012 106.112407
-0.065118 106.305762
0.065118 106.305762
-0.062224 106.490931
0.062224 106.490931
-0.059330 106.667859
0.059330 106.667859
-0.056436 106.836495
0.056436 106.836495
-0.053542 106.996789
0.053542 106.996789
-0.050648 107.148693
0.050648 107.148693
-0.047753 107.292163
0.047753 107.292163
-0.044859 107.427155
0.044859 107.427155
-0.041965 107.553630
0.041965 107.553630
-0.039071 107.671550
0.039071 107.671550
-0.036177 107.780879
0.036177 107.780879
-0.033283 107.881584
0.033283 107.881584
-0.030389 107.973634
0.030389 107.973634
-0.027494 108.057003
0.027494 108.057003
-0.024600 108.131664
0.024600 108.131664
-0.021706 108.197595
0.021706 108.197595
-0.018812 108.254777
0.018812 108.254777
-0.015918 108.303190
0.015918 108.303190
-0.013024 108.342822
0.013024 108.342822
-0.010130 108.373659
0.010130 108.373659
-0.007235 108.395692
0.007235 108.395692
-0.004341 108.408914
0.004341 108.408914
-0.001447 108.413322
0.001447 303.644641
0.001447 303.646930
-0.001447 303.646930
0.004341 303.653794
-0.004341 303.653794
0.007235 303.665227
-0.007235 303.665227
0.010130 303.681222
-0.010130 303.681222
0.013024 303.701766
-0.013024 303.701766
0.015918 303.726843
-0.015918 303.726843
0.018812 303.756434
-0.018812 303.756434
0.021706 303.790517
-0.021706 303.790517
0.024600 303.829065
-0.024600 303.829065
0.027494 303.872049
-0.027494 303.872049
0.030389 303.919435
-0.030389 303.919435
0.033283 303.971188
-0.033283 303.971188
0.036177 304.027267
-0.036177 304.027267
0.039071 304.087630
-0.039071 304.087630
0.041965 304.152231
-0.041965 304.152231
0.044859 304.221018
-0.044859 304.221018
0.047753 304.293941
-0.047753 304.293941
0.050648 304.370941
-0.050648 304.370941
0.053542 304.451960
-0.053542 304.451960
0.056436 304.536935
-0.056436 304.536935
0.059330 304.625800
-0.059330 304.625800
0.062224 304.718486
-0.062224 304.718486
0.065118 304.814922
-0.065118 304.814922
0.068012 304.915032
-0.068012 304.915032
0.070907 305.018737
-0.070907 305.018737
0.073801 305.125957
-0.073801 305.125957
0.076695 305.236608
-0.076695 305.236608
0.079589 305.350602
-0.079589 305.350602
0.082483 305.467850
-0.082483 305.467850
0.085377 305.588259
-0.085377 305.588259
0.088271 305.711733
-0.088271 305.711733
0.091166 305.838174
-0.091166 305.838174
0.094060 305.967481
-0.094060 305.967481
0.096954 306.099549
-0.096954 306.099549
0.099848 306.234273
-0.099848 306.234273
0.102742 306.371542
-0.102742 306.371542
0.105636 306.511246
-0.105636 306.511246
0.108530 306.653270
-0.108530 306.653270
0.111425 306.797496
-0.111425 306.797496
0.114319 306.943806
-0.114319 306.943806
0.117213 307.092077
-0.117213 307.092077
0.120107 307.242185
-0.120107 307.242185
0.123001 307.394003
-0.123001 307.394003
0.125895 307.547402
-0.125895 307.547402
0.128789 307.702250
-0.128789 307.702250
0.131684 307.858414
-0.131684 307.858414
0.134578 308.015756
-0.134578 308.015756
0.137472 308.174139
-0.137472 308.174139
0.140366 308.333422
-0.140366 308.333422
0.143260 308.493463
-0.143260 308.493463
0.146154 308.654116
-0.146154 308.654116
0.149048 308.815234
-0.149048 308.815234
0.151943 308.976669
-0.151943 308.976669
0.154837 309.138269
-0.154837 309.138269
0.157731 309.299882
-0.157731 309.299882
0.160625 309.461352
-0.160625 309.461352
0.163519 309.622524
-0.163519 309.622524
0.166413 309.783240
-0.166413 309.783240
0.169307 309.943339
-0.169307 309.943339
0.172202 310.102660
-0.172202 310.102660
0.175096 310.261040
-0.175096 310.261040
0.177990 310.418316
-0.177990 310.418316
0.180884 310.574323
-0.180884 310.574323
0.183778 310.728893
-0.183778 310.728893
0.186672 310.881860
-0.186672 310.881860
0.189566 311.033056
-0.189566 311.033056
0.192461 311.182312
-0.192461 311.182312
0.195355 311.329459
-0.195355 311.329459
0.198249 311.474328
-0.198249 311.474328
0.201143 311.616750
-0.201143 311.616750
0.204037 311.756556
-0.204037 311.756556
0.206931 311.893577
-0.206931 311.893577
0.209825 312.027645
-0.209825 312.027645
0.212720 312.158594
-0.212720 312.158594
0.215614 312.286258
-0.215614 312.286258
0.218508 312.410473
-0.218508 312.410473
0.221402 312.531077
-0.221402 312.531077
0.224296 312.647911
-0.224296 312.647911
0.227190 312.760817
-0.227190 312.760817
0.230084 312.869640
-0.230084 312.869640
0.232979 312.974232
-0.232979 312.974232
0.235873 313.074443
-0.235873 313.074443
0.238767 313.170133
-0.238767 313.170133
0.241661 313.261161
-0.241661 313.261161
0.244555 313.347397
-0.244555 313.347397
0.247449 313.428711
-0.247449 313.428711
0.250343 313.504981
-0.250343 313.504981
0.253238 313.576093
-0.253238 313.576093
0.256132 313.641938
-0.256132 313.641938
0.259026 313.702412
-0.259026 313.702412
0.261920 313.757422
-0.261920 313.757422
0.264814 313.806882
-0.264814 313.806882
0.267708 313.850712
-0.267708 313.850712
0.270602 313.888843
-0.270602 313.888843
0.273497 313.921213
-0.273497 313.921213
0.276391 313.947769
-0.276391 313.947769
0.279285 313.968469
-0.279285 313.968469
0.282179 313.983280
-0.282179 313.983280
0.285073 313.992175
-0.285073 313.992175
0.287967 313.995142
-0.287967 348.548161
-0.287967 348.550273
0.287967 348.550273
-0.285073 348.556604
0.285073 348.556604
-0.282179 348.567142
0.282179 348.567142
-0.279285 348.581866
0.279285 348.581866
-0.276391 348.600748
0.276391 348.600748
-0.273497 348.623751
0.273497 348.623751
-0.270602 348.650831
0.270602 348.650831
-0.267708 348.681937
0.267708 348.681937
-0.264814 348.717009
0.264814 348.717009
-0.261920 348.755982
0.261920 348.755982
-0.259026 348.798783
0.259026 348.798783
-0.256132 348.845332
0.256132 348.845332
-0.253238 348.895546
0.253238 348.895546
-0.250343 348.949333
0.250343 348.949333
-0.247449 349.006597
0.247449 349.006597
-0.244555 349.067238
0.244555 349.067238
-0.241661 349.131151
0.241661 349.131151
-0.238767 349.198226
0.238767 349.198226
-0.235873 349.268351
0.235873 349.268351
-0.232979 349.341410
0.232979 349.341410
-0.230084 349.417284
0.230084 349.417284
-0.227190 349.495851
0.227190 349.495851
-0.224296 349.576988
0.224296 349.576988
-0.221402 349.660570
0.221402 349.660570
-0.218508 349.746470
0.218508 349.746470
-0.215614 349.834562
0.215614 349.834562
-0.212720 349.924716
0.212720 349.924716
-0.209825 350.016804
0.209825 350.016804
-0.206931 350.110698
0.206931 350.110698
-0.204037 350.206268
0.204037 350.206268
-0.201143 350.303387
0.201143 350.303387
-0.198249 350.401928
0.198249 350.401928
-0.195355 350.501763
0.195355 350.501763
-0.192461 350.602766
0.192461 350.602766
-0.189566 350.704815
0.189566 350.704815
-0.186672 350.807785
0.186672 350.807785
-0.183778 350.911555
0.183778 350.911555
-0.180884 351.016005
0.180884 351.016005
-0.177990 351.121018
0.177990 351.121018
-0.175096 351.226477
0.175096 351.226477
-0.172202 351.332269
0.172202 351.332269
-0.169307 351.438281
0.169307 351.438281
-0.166413 351.544403
0.166413 351.544403
-0.163519 351.650528
0.163519 351.650528
-0.160625 351.756551
0.160625 351.756551
-0.157731 351.862368
0.157731 351.862368
-0.154837 351.967878
0.154837 351.967878
-0.151943 352.072984
0.151943 352.072984
-0.149048 352.177588
0.149048 352.177588
-0.146154 352.281597
0.146154 352.281597
-0.143260 352.384920
0.143260 352.384920
-0.140366 352.487468
0.140366 352.487468
-0.137472 352.589153
0.137472 352.589153
-0.134578 352.689892
0.134578 352.689892
-0.131684 352.789603
0.131684 352.789603
-0.128789 352.888205
0.128789 352.888205
-0.125895 352.985622
0.125895 352.985622
-0.123001 353.081777
0.123001 353.081777
-0.120107 353.176599
0.120107 353.176599
-0.117213 353.270017
0.117213 353.270017
-0.114319 353.361962
0.114319 353.361962
-0.111425 353.452367
0.111425 353.452367
-0.108530 353.541169
0.108530 353.541169
-0.105636 353.628305
0.105636 353.628305
-0.102742 353.713716
0.102742 353.713716
-0.099848 353.797344
0.099848 353.797344
-0.096954 353.879131
0.096954 353.879131
-0.094060 353.959026
0.094060 353.959026
-0.091166 354.036975
0.091166 354.036975
-0.088271 354.112928
0.088271 354.112928
-0.085377 354.186838
0.085377 354.186838
-0.082483 354.258658
0.082483 354.258658
-0.079589 354.328344
0.079589 354.328344
-0.076695 354.395852
0.076695 354.395852
-0.073801 354.461143
0.073801 354.461143
-0.070907 354.524177
0.070907 354.524177
-0.068012 354.584916
0.068012 354.584916
-0.065118 354.643326
0.065118 354.643326
-0.062224 354.699371
0.062224 354.699371
-0.059330 354.753021
0.059330 354.753021
-0.056436 354.804243
0.056436 354.804243
-0.053542 354.853010
0.053542 354.853010
-0.050648 354.899294
0.050648 354.899294
-0.047753 354.943069
0.047753 354.943069
-0.044859 354.984310
0.044859 354.984310
-0.041965 355.022996
0.041965 355.022996
-0.039071 355.059104
0.039071 355.059104
-0.036177 355.092616
0.036177 355.092616
-0.033283 355.123513
0.033283 355.123513
-0.030389 355.151779
0.030389 355.151779
-0.027494 355.177398
0.027494 355.177398
-0.024600 355.200357
0.024600 355.200357
-0.021706 355.220643
0.021706 355.220643
-0.018812 355.238246
0.018812 355.238246
-0.015918 355.253157
0.015918 355.253157
-0.013024 355.265367
0.013024 355.265367
-0.010130 355.274871
0.010130 355.274871
-0.007235 355.281662
0.007235 355.281662
-0.004341 355.285739
0.004341 355.285739
-0.001447 355.287098
