###############################################################
#Number of atoms in chain 800
#Number of cells 200
#Short Pt-X force constant 166.000000 N/M
#Long Pt-X force constant 45.400000 N/M
#Short X-X force constant -2.300000 N/M
#Long X-X force constant -2.300000 N/M
#Pt-Pt force constant 36.000000 N/M
#Distance between atom pair 3.100190 x10^-10 M
#Temperature 298.000000 K
#Acoustic MSRD 0.00199915 x10^-20 M^2
#Nu3 Optical MSRD 0.00202875 x10^-20 M^2
#Nu1 Optical MSRD 0.00127329 x10^-20 M^2
#Nu2 Optical MSRD 0.000798151 x10^-20 M^2
#Total MSRD 0.00609934 x10^-20 M^2
###############################################################
0.000000 0.000002
0.001447 1.116012
-0.001447 1.116012
0.004341 2.231973
-0.004341 2.231973
0.007235 3.347830
-0.007235 3.347830
0.010130 4.463533
-0.010130 4.463533
0.013024 5.579029
-0.013024 5.579029
0.015918 6.694267
-0.015918 6.694267
0.018812 7.809196
-0.018812 7.809196
0.021706 8.923763
-0.021706 8.923763
0.024600 10.037917
-0.024600 10.037917
0.027494 11.151606
-0.027494 11.151606
0.030389 12.264778
-0.030389 12.264778
0.033283 13.377381
-0.033283 13.377381
0.036177 14.489363
-0.036177 14.489363
0.039071 15.600673
-0.039071 15.600673
0.041965 16.711257
-0.041965 16.711257
0.044859 17.821063
-0.044859 17.821063
0.047753 18.930039
-0.047753 18.930039
0.050648 20.038133
-0.050648 20.038133
0.053542 21.145291
-0.053542 21.145291
0.056436 22.251461
-0.056436 22.251461
0.059330 23.356590
-0.059330 23.356590
0.062224 24.460624
-0.062224 24.460624
0.065118 25.563510
-0.065118 25.563510
0.068012 26.665194
-0.068012 26.665194
0.070907 27.765623
-0.070907 27.765623
0.073801 28.864743
-0.073801 28.864743
0.076695 29.962498
-0.076695 29.962498
0.079589 31.058835
-0.079589 31.058835
0.082483 32.153699
-0.082483 32.153699
0.085377 33.247035
-0.085377 33.247035
0.088271 34.338786
-0.088271 34.338786
0.091166 35.428897
-0.091166 35.428897
0.094060 36.517313
-0.094060 36.517313
0.096954 37.603975
-0.096954 37.603975
0.099848 38.688827
-0.099848 38.688827
0.102742 39.771811
-0.102742 39.771811
0.105636 40.852869
-0.105636 40.852869
0.108530 41.931943
-0.108530 41.931943
0.111425 43.008973
-0.111425 43.008973
0.114319 44.083898
-0.114319 44.083898
0.117213 45.156659
-0.117213 45.156659
0.120107 46.227194
-0.120107 46.227194
0.123001 47.295441
-0.123001 47.295441
0.125895 48.361336
-0.125895 48.361336
0.128789 49.424815
-0.128789 49.424815
0.131684 50.485813
-0.131684 50.485813
0.134578 51.544264
-0.134578 51.544264
0.137472 52.600100
-0.137472 52.600100
0.140366 53.653253
-0.140366 53.653253
0.143260 54.703650
-0.143260 54.703650
0.146154 55.751222
-0.146154 55.751222
0.149048 56.795892
-0.149048 56.795892
0.151943 57.837587
-0.151943 57.837587
0.154837 58.876227
-0.154837 58.876227
0.157731 59.911732
-0.157731 59.911732
0.160625 60.944018
-0.160625 60.944018
0.163519 61.973001
-0.163519 61.973001
0.166413 62.998590
-0.166413 62.998590
0.169307 64.020692
-0.169307 64.020692
0.172202 65.039210
-0.172202 65.039210
0.175096 66.054043
-0.175096 66.054043
0.177990 67.065084
-0.177990 67.065084
0.180884 68.072219
-0.180884 68.072219
0.183778 69.075331
-0.183778 69.075331
0.186672 70.074293
-0.186672 70.074293
0.189566 71.068970
-0.189566 71.068970
0.192461 72.059218
-0.192461 72.059218
0.195355 73.044882
-0.195355 73.044882
0.198249 74.025794
-0.198249 74.025794
0.201143 75.001773
-0.201143 75.001773
0.204037 75.972620
-0.204037 75.972620
0.206931 76.938117
-0.206931 76.938117
0.209825 77.898025
-0.209825 77.898025
0.212720 78.852076
-0.212720 78.852076
0.215614 79.799975
-0.215614 79.799975
0.218508 80.741387
-0.218508 80.741387
0.221402 81.675935
-0.221402 81.675935
0.224296 82.603190
-0.224296 82.603190
0.227190 83.522661
-0.227190 83.522661
0.230084 84.433781
-0.230084 84.433781
0.232979 85.335895
-0.232979 85.335895
0.235873 86.228231
-0.235873 86.228231
0.238767 87.109883
-0.238767 87.109883
0.241661 87.979775
-0.241661 87.979775
0.244555 88.836619
-0.244555 88.836619
0.247449 89.678861
-0.247449 89.678861
0.250343 90.504615
-0.250343 90.504615
0.253238 91.311572
-0.253238 91.311572
0.256132 92.096889
-0.256132 92.096889
0.259026 92.857045
-0.259026 92.857045
0.261920 93.587664
-0.261920 93.587664
0.264814 94.283298
-0.264814 94.283298
0.267708 94.937192
-0.267708 94.937192
0.270602 95.541037
-0.270602 95.541037
0.273497 96.084806
-0.273497 96.084806
0.276391 96.556777
-0.276391 96.556777
0.279285 96.943942
-0.279285 96.943942
0.282179 97.233011
-0.282179 97.233011
0.285073 97.412093
-0.285073 97.412093
0.287967 97.472801
-0.287967 110.388230
-0.287967 110.443695
0.287967 110.443695
-0.285073 110.607047
0.285073 110.607047
-0.282179 110.869898
0.282179 110.869898
-0.279285 111.220355
0.279285 111.220355
-0.276391 111.645126
0.276391 111.645126
-0.273497 112.131199
0.273497 112.131199
-0.270602 112.666849
0.270602 112.666849
-0.267708 113.242043
0.267708 113.242043
-0.264814 113.848467
0.264814 113.848467
-0.261920 114.479359
0.261920 114.479359
-0.259026 115.129264
0.259026 115.129264
-0.256132 115.793799
0.256132 115.793799
-0.253238 116.469434
0.253238 116.469434
-0.250343 117.153316
0.250343 117.153316
-0.247449 117.843128
0.247449 117.843128
-0.244555 118.536972
0.244555 118.536972
-0.241661 119.233282
0.241661 119.233282
-0.238767 119.930760
0.238767 119.930760
-0.235873 120.628315
0.235873 120.628315
-0.232979 121.325028
0.232979 121.325028
-0.230084 122.020115
0.230084 122.020115
-0.227190 122.712904
0.227190 122.712904
-0.224296 123.402814
0.224296 123.402814
-0.221402 124.089337
0.221402 124.089337
-0.218508 124.772028
0.218508 124.772028
-0.215614 125.450493
0.215614 125.450493
-0.212720 126.124380
0.212720 126.124380
-0.209825 126.793373
0.209825 126.793373
-0.206931 127.457187
0.206931 127.457187
-0.204037 128.115563
0.204037 128.115563
-0.201143 128.768264
0.201143 128.768264
-0.198249 129.415069
0.198249 129.415069
-0.195355 130.055777
0.195355 130.055777
-0.192461 130.690198
0.192461 130.690198
-0.189566 131.318156
0.189566 131.318156
-0.186672 131.939483
0.186672 131.939483
-0.183778 132.554023
0.183778 132.554023
-0.180884 133.161627
0.180884 133.161627
-0.177990 133.762151
0.177990 133.762151
-0.175096 134.355460
0.175096 134.355460
-0.172202 134.941423
0.172202 134.941423
-0.169307 135.519914
0.169307 135.519914
-0.166413 136.090811
0.166413 136.090811
-0.163519 136.653997
0.163519 136.653997
-0.160625 137.209358
0.160625 137.209358
-0.157731 137.756783
0.157731 137.756783
-0.154837 138.296163
0.154837 138.296163
-0.151943 138.827393
0.151943 138.827393
-0.149048 139.350371
0.149048 139.350371
-0.146154 139.864995
0.146154 139.864995
-0.143260 140.371166
0.143260 140.371166
-0.140366 140.868788
0.140366 140.868788
-0.137472 141.357766
0.137472 141.357766
-0.134578 141.838007
0.134578 141.838007
-0.131684 142.309419
0.131684 142.309419
-0.128789 142.771912
0.128789 142.771912
-0.125895 143.225398
0.125895 143.225398
-0.123001 143.669790
0.123001 143.669790
-0.120107 144.105002
0.120107 144.105002
-0.117213 144.530950
0.117213 144.530950
-0.114319 144.947552
0.114319 144.947552
-0.111425 145.354727
0.111425 145.354727
-0.108530 145.752395
0.108530 145.752395
-0.105636 146.140477
0.105636 146.140477
-0.102742 146.518897
0.102742 146.518897
-0.099848 146.887580
0.099848 146.887580
-0.096954 147.246452
0.096954 147.246452
-0.094060 147.595440
0.094060 147.595440
-0.091166 147.934473
0.091166 147.934473
-0.088271 148.263483
0.088271 148.263483
-0.085377 148.582401
0.085377 148.582401
-0.082483 148.891163
0.082483 148.891163
-0.079589 149.189703
0.079589 149.189703
-0.076695 149.477959
0.076695 149.477959
-0.073801 149.755870
0.073801 149.755870
-0.070907 150.023378
0.070907 150.023378
-0.068012 150.280425
0.068012 150.280425
-0.065118 150.526955
0.065118 150.526955
-0.062224 150.762917
0.062224 150.762917
-0.059330 150.988258
0.059330 150.988258
-0.056436 151.202929
0.056436 151.202929
-0.053542 151.406883
0.053542 151.406883
-0.050648 151.600076
0.050648 151.600076
-0.047753 151.782463
0.047753 151.782463
-0.044859 151.954005
0.044859 151.954005
-0.041965 152.114663
0.041965 152.114663
-0.039071 152.264401
0.039071 152.264401
-0.036177 152.403186
0.036177 152.403186
-0.033283 152.530984
0.033283 152.530984
-0.030389 152.647769
0.030389 152.647769
-0.027494 152.753512
0.027494 152.753512
-0.024600 152.848190
0.024600 152.848190
-0.021706 152.931780
0.021706 152.931780
-0.018812 153.004265
0.018812 153.004265
-0.015918 153.065626
0.015918 153.065626
-0.013024 153.115850
0.013024 153.115850
-0.010130 153.154926
0.010130 153.154926
-0.007235 153.182843
0.007235 153.182843
-0.004341 153.199596
0.004341 153.199596
-0.001447 153.205181
0.001447 311.120090
0.001447 311.121678
-0.001447 311.121678
0.004341 311.126439
-0.004341 311.126439
0.007235 311.134371
-0.007235 311.134371
0.010130 311.145464
-0.010130 311.145464
0.013024 311.159710
-0.013024 311.159710
0.015918 311.177093
-0.015918 311.177093
0.018812 311.197599
-0.018812 311.197599
0.021706 311.221208
-0.021706 311.221208
0.024600 311.247898
-0.024600 311.247898
0.027494 311.277644
-0.027494 311.277644
0.030389 311.310419
-0.030389 311.310419
0.033283 311.346191
-0.033283 311.346191
0.036177 311.384928
-0.036177 311.384928
0.039071 311.426592
-0.039071 311.426592
0.041965 311.471146
-0.041965 311.471146
0.044859 311.518548
-0.044859 311.518548
0.047753 311.568754
-0.047753 311.568754
0.050648 311.621717
-0.050648 311.621717
0.053542 311.677388
-0.053542 311.677388
0.056436 311.735714
-0.056436 311.735714
0.059330 311.796642
-0.059330 311.796642
0.062224 311.860116
-0.062224 311.860116
0.065118 311.926075
-0.065118 311.926075
0.068012 311.994459
-0.068012 311.994459
0.070907 312.065205
-0.070907 312.065205
0.073801 312.138247
-0.073801 312.138247
0.076695 312.213516
-0.076695 312.213516
0.079589 312.290943
-0.079589 312.290943
0.082483 312.370457
-0.082483 312.370457
0.085377 312.451983
-0.085377 312.451983
0.088271 312.535446
-0.088271 312.535446
0.091166 312.620768
-0.091166 312.620768
0.094060 312.707869
-0.094060 312.707869
0.096954 312.796670
-0.096954 312.796670
0.099848 312.887087
-0.099848 312.887087
0.102742 312.979037
-0.102742 312.979037
0.105636 313.072433
-0.105636 313.072433
0.108530 313.167188
-0.108530 313.167188
0.111425 313.263215
-0.111425 313.263215
0.114319 313.360422
-0.114319 313.360422
0.117213 313.458720
-0.117213 313.458720
0.120107 313.558017
-0.120107 313.558017
0.123001 313.658218
-0.123001 313.658218
0.125895 313.759229
-0.125895 313.759229
0.128789 313.860956
-0.128789 313.860956
0.131684 313.963302
-0.131684 313.963302
0.134578 314.066171
-0.134578 314.066171
0.137472 314.169463
-0.137472 314.169463
0.140366 314.273082
-0.140366 314.273082
0.143260 314.376927
-0.143260 314.376927
0.146154 314.480900
-0.146154 314.480900
0.149048 314.584900
-0.149048 314.584900
0.151943 314.688827
-0.151943 314.688827
0.154837 314.792581
-0.154837 314.792581
0.157731 314.896059
-0.157731 314.896059
0.160625 314.999162
-0.160625 314.999162
0.163519 315.101787
-0.163519 315.101787
0.166413 315.203834
-0.166413 315.203834
0.169307 315.305201
-0.169307 315.305201
0.172202 315.405789
-0.172202 315.405789
0.175096 315.505495
-0.175096 315.505495
0.177990 315.604220
-0.177990 315.604220
0.180884 315.701864
-0.180884 315.701864
0.183778 315.798329
-0.183778 315.798329
0.186672 315.893514
-0.186672 315.893514
0.189566 315.987323
-0.189566 315.987323
0.192461 316.079658
-0.192461 316.079658
0.195355 316.170424
-0.195355 316.170424
0.198249 316.259526
-0.198249 316.259526
0.201143 316.346869
-0.201143 316.346869
0.204037 316.432362
-0.204037 316.432362
0.206931 316.515914
-0.206931 316.515914
0.209825 316.597435
-0.209825 316.597435
0.212720 316.676837
-0.212720 316.676837
0.215614 316.754035
-0.215614 316.754035
0.218508 316.828943
-0.218508 316.828943
0.221402 316.901481
-0.221402 316.901481
0.224296 316.971567
-0.224296 316.971567
0.227190 317.039125
-0.227190 317.039125
0.230084 317.104079
-0.230084 317.104079
0.232979 317.166356
-0.232979 317.166356
0.235873 317.225886
-0.235873 317.225886
0.238767 317.282601
-0.238767 317.282601
0.241661 317.336437
-0.241661 317.336437
0.244555 317.387333
-0.244555 317.387333
0.247449 317.435229
-0.247449 317.435229
0.250343 317.480070
-0.250343 317.480070
0.253238 317.521804
-0.253238 317.521804
0.256132 317.560384
-0.256132 317.560384
0.259026 317.595762
-0.259026 317.595762
0.261920 317.627899
-0.261920 317.627899
0.264814 317.656756
-0.264814 317.656756
0.267708 317.682300
-0.267708 317.682300
0.270602 317.704499
-0.270602 317.704499
0.273497 317.723328
-0.273497 317.723328
0.276391 317.738764
-0.276391 317.738764
0.279285 317.750789
-0.279285 317.750789
0.282179 317.759389
-0.282179 317.759389
0.285073 317.764553
-0.285073 317.764553
0.287967 317.766275
-0.287967 353.049280
-0.287967 353.050238
0.287967 353.050238
-0.285073 353.053114
0.285073 353.053114
-0.282179 353.057901
0.282179 353.057901
-0.279285 353.064592
0.279285 353.064592
-0.276391 353.073179
0.276391 353.073179
-0.273497 353.083648
0.273497 353.083648
-0.270602 353.095985
0.270602 353.095985
-0.267708 353.110169
0.267708 353.110169
-0.264814 353.126182
0.264814 353.126182
-0.261920 353.144000
0.261920 353.144000
-0.259026 353.163596
0.259026 353.163596
-0.256132 353.184943
0.256132 353.184943
-0.253238 353.208010
0.253238 353.208010
-0.250343 353.232763
0.250343 353.232763
-0.247449 353.259169
0.247449 353.259169
-0.244555 353.287189
0.244555 353.287189
-0.241661 353.316785
0.241661 353.316785
-0.238767 353.347916
0.238767 353.347916
-0.235873 353.380538
0.235873 353.380538
-0.232979 353.414607
0.232979 353.414607
-0.230084 353.450077
0.230084 353.450077
-0.227190 353.486900
0.227190 353.486900
-0.224296 353.525029
0.224296 353.525029
-0.221402 353.564411
0.221402 353.564411
-0.218508 353.604997
0.218508 353.604997
-0.215614 353.646733
0.215614 353.646733
-0.212720 353.689567
0.212720 353.689567
-0.209825 353.733445
0.209825 353.733445
-0.206931 353.778311
0.206931 353.778311
-0.204037 353.824112
0.204037 353.824112
-0.201143 353.870789
0.201143 353.870789
-0.198249 353.918289
0.198249 353.918289
-0.195355 353.966553
0.195355 353.966553
-0.192461 354.015526
0.192461 354.015526
-0.189566 354.065150
0.189566 354.065150
-0.186672 354.115369
0.186672 354.115369
-0.183778 354.166125
0.183778 354.166125
-0.180884 354.217361
0.180884 354.217361
-0.177990 354.269022
0.177990 354.269022
-0.175096 354.321051
0.175096 354.321051
-0.172202 354.373391
0.172202 354.373391
-0.169307 354.425988
0.169307 354.425988
-0.166413 354.478786
0.166413 354.478786
-0.163519 354.531729
0.163519 354.531729
-0.160625 354.584765
0.160625 354.584765
-0.157731 354.637839
0.157731 354.637839
-0.154837 354.690899
0.154837 354.690899
-0.151943 354.743892
0.151943 354.743892
-0.149048 354.796767
0.149048 354.796767
-0.146154 354.849473
0.146154 354.849473
-0.143260 354.901960
0.143260 354.901960
-0.140366 354.954179
0.140366 354.954179
-0.137472 355.006082
0.137472 355.006082
-0.134578 355.057621
0.134578 355.057621
-0.131684 355.108750
0.131684 355.108750
-0.128789 355.159423
0.128789 355.159423
-0.125895 355.209595
0.125895 355.209595
-0.123001 355.259223
0.123001 355.259223
-0.120107 355.308264
0.120107 355.308264
-0.117213 355.356676
0.117213 355.356676
-0.114319 355.404419
0.114319 355.404419
-0.111425 355.451452
0.111425 355.451452
-0.108530 355.497738
0.108530 355.497738
-0.105636 355.543238
0.105636 355.543238
-0.102742 355.587915
0.102742 355.587915
-0.099848 355.631734
0.099848 355.631734
-0.096954 355.674660
0.096954 355.674660
-0.094060 355.716660
0.094060 355.716660
-0.091166 355.757701
0.091166 355.757701
-0.088271 355.797751
0.088271 355.797751
-0.085377 355.836781
0.085377 355.836781
-0.082483 355.874759
0.082483 355.874759
-0.079589 355.911659
0.079589 355.911659
-0.076695 355.947452
0.076695 355.947452
-0.073801 355.982113
0.073801 355.982113
-0.070907 356.015615
0.070907 356.015615
-0.068012 356.047935
0.068012 356.047935
-0.065118 356.079049
0.065118 356.079049
-0.062224 356.108935
0.062224 356.108935
-0.059330 356.137572
0.059330 356.137572
-0.056436 356.164940
0.056436 356.164940
-0.053542 356.191018
0.053542 356.191018
-0.050648 356.215790
0.050648 356.215790
-0.047753 356.239238
0.047753 356.239238
-0.044859 356.261346
0.044859 356.261346
-0.041965 356.282098
0.041965 356.282098
-0.039071 356.301480
0.039071 356.301480
-0.036177 356.319479
0.036177 356.319479
-0.033283 356.336083
0.033283 356.336083
-0.030389 356.351281
0.030389 356.351281
-0.027494 356.365063
0.027494 356.365063
-0.024600 356.377418
0.024600 356.377418
-0.021706 356.388339
0.021706 356.388339
-0.018812 356.397819
0.018812 356.397819
-0.015918 356.405851
0.015918 356.405851
-0.013024 356.412430
0.013024 356.412430
-0.010130 356.417552
0.010130 356.417552
-0.007235 356.421213
0.007235 356.421213
-0.004341 356.423410
0.004341 356.423410
-0.001447 356.424143
