###############################################################
#Number of atoms in chain 800
#Number of cells 200
#Short Pt-X force constant 174.500000 N/M
#Long Pt-X force constant 30.100000 N/M
#Short X-X force constant 0.000000 N/M
#Long X-X force constant 0.000000 N/M
#Pt-Pt force constant 23.000000 N/M
#Distance between atom pair 2.327310 x10^-10 M
#Temperature 298.000000 K
#Acoustic MSRD 7.55093e-05 x10^-20 M^2
#Nu3 Optical MSRD 5.82076e-05 x10^-20 M^2
#Nu1 Optical MSRD 0.00118001 x10^-20 M^2
#Nu2 Optical MSRD 0.00131213 x10^-20 M^2
#Total MSRD 0.00262586 x10^-20 M^2
###############################################################
0.000000 0.000003
0.001447 0.940261
-0.001447 0.940261
0.004341 1.880471
-0.004341 1.880471
0.007235 2.820580
-0.007235 2.820580
0.010130 3.760538
-0.010130 3.760538
0.013024 4.700293
-0.013024 4.700293
0.015918 5.639796
-0.015918 5.639796
0.018812 6.578995
-0.018812 6.578995
0.021706 7.517840
-0.021706 7.517840
0.024600 8.456281
-0.024600 8.456281
0.027494 9.394266
-0.027494 9.394266
0.030389 10.331744
-0.030389 10.331744
0.033283 11.268666
-0.033283 11.268666
0.036177 12.204980
-0.036177 12.204980
0.039071 13.140635
-0.039071 13.140635
0.041965 14.075580
-0.041965 14.075580
0.044859 15.009765
-0.044859 15.009765
0.047753 15.943137
-0.047753 15.943137
0.050648 16.875646
-0.050648 16.875646
0.053542 17.807240
-0.053542 17.807240
0.056436 18.737867
-0.056436 18.737867
0.059330 19.667477
-0.059330 19.667477
0.062224 20.596018
-0.062224 20.596018
0.065118 21.523436
-0.065118 21.523436
0.068012 22.449682
-0.068012 22.449682
0.070907 23.374702
-0.070907 23.374702
0.073801 24.298444
-0.073801 24.298444
0.076695 25.220855
-0.076695 25.220855
0.079589 26.141883
-0.079589 26.141883
0.082483 27.061476
-0.082483 27.061476
0.085377 27.979578
-0.085377 27.979578
0.088271 28.896139
-0.088271 28.896139
0.091166 29.811102
-0.091166 29.811102
0.094060 30.724416
-0.094060 30.724416
0.096954 31.636024
-0.096954 31.636024
0.099848 32.545874
-0.099848 32.545874
0.102742 33.453909
-0.102742 33.453909
0.105636 34.360075
-0.105636 34.360075
0.108530 35.264315
-0.108530 35.264315
0.111425 36.166574
-0.111425 36.166574
0.114319 37.066795
-0.114319 37.066795
0.117213 37.964920
-0.117213 37.964920
0.120107 38.860892
-0.120107 38.860892
0.123001 39.754653
-0.123001 39.754653
0.125895 40.646142
-0.125895 40.646142
0.128789 41.535301
-0.128789 41.535301
0.131684 42.422069
-0.131684 42.422069
0.134578 43.306383
-0.134578 43.306383
0.137472 44.188183
-0.137472 44.188183
0.140366 45.067404
-0.140366 45.067404
0.143260 45.943981
-0.143260 45.943981
0.146154 46.817849
-0.146154 46.817849
0.149048 47.688941
-0.149048 47.688941
0.151943 48.557186
-0.151943 48.557186
0.154837 49.422516
-0.154837 49.422516
0.157731 50.284858
-0.157731 50.284858
0.160625 51.144137
-0.160625 51.144137
0.163519 52.000276
-0.163519 52.000276
0.166413 52.853196
-0.166413 52.853196
0.169307 53.702816
-0.169307 53.702816
0.172202 54.549049
-0.172202 54.549049
0.175096 55.391807
-0.175096 55.391807
0.177990 56.230997
-0.177990 56.230997
0.180884 57.066522
-0.180884 57.066522
0.183778 57.898278
-0.183778 57.898278
0.186672 58.726158
-0.186672 58.726158
0.189566 59.550047
-0.189566 59.550047
0.192461 60.369823
-0.192461 60.369823
0.195355 61.185353
-0.195355 61.185353
0.198249 61.996497
-0.198249 61.996497
0.201143 62.803104
-0.201143 62.803104
0.204037 63.605006
-0.204037 63.605006
0.206931 64.402024
-0.206931 64.402024
0.209825 65.193959
-0.209825 65.193959
0.212720 65.980590
-0.212720 65.980590
0.215614 66.761674
-0.215614 66.761674
0.218508 67.536936
-0.218508 67.536936
0.221402 68.306069
-0.221402 68.306069
0.224296 69.068721
-0.224296 69.068721
0.227190 69.824494
-0.227190 69.824494
0.230084 70.572927
-0.230084 70.572927
0.232979 71.313486
-0.232979 71.313486
0.235873 72.045549
-0.235873 72.045549
0.238767 72.768381
-0.238767 72.768381
0.241661 73.481112
-0.241661 73.481112
0.244555 74.182701
-0.244555 74.182701
0.247449 74.871894
-0.247449 74.871894
0.250343 75.547169
-0.250343 75.547169
0.253238 76.206662
-0.253238 76.206662
0.256132 76.848080
-0.256132 76.848080
0.259026 77.468582
-0.259026 77.468582
0.261920 78.064637
-0.261920 78.064637
0.264814 78.631849
-0.264814 78.631849
0.267708 79.164764
-0.267708 79.164764
0.270602 79.656672
-0.270602 79.656672
0.273497 80.099468
-0.273497 80.099468
0.276391 80.483675
-0.276391 80.483675
0.279285 80.798766
-0.279285 80.798766
0.282179 81.033979
-0.282179 81.033979
0.285073 81.179680
-0.285073 81.179680
0.287967 81.229069
-0.287967 91.631855
-0.287967 91.676363
0.287967 91.676363
-0.285073 91.807419
0.285073 91.807419
-0.282179 92.018225
0.282179 92.018225
-0.279285 92.299146
0.279285 92.299146
-0.276391 92.639420
0.276391 92.639420
-0.273497 93.028521
0.273497 93.028521
-0.270602 93.456972
0.270602 93.456972
-0.267708 93.916668
0.267708 93.916668
-0.264814 94.400902
0.264814 94.400902
-0.261920 94.904217
0.261920 94.904217
-0.259026 95.422219
0.259026 95.422219
-0.256132 95.951378
0.256132 95.951378
-0.253238 96.488853
0.253238 96.488853
-0.250343 97.032352
0.250343 97.032352
-0.247449 97.580014
0.247449 97.580014
-0.244555 98.130315
0.244555 98.130315
-0.241661 98.682004
0.241661 98.682004
-0.238767 99.234041
0.238767 99.234041
-0.235873 99.785556
0.235873 99.785556
-0.232979 100.335817
0.232979 100.335817
-0.230084 100.884203
0.230084 100.884203
-0.227190 101.430182
0.227190 101.430182
-0.224296 101.973295
0.224296 101.973295
-0.221402 102.513144
0.221402 102.513144
-0.218508 103.049382
0.218508 103.049382
-0.215614 103.581702
0.215614 103.581702
-0.212720 104.109833
0.212720 104.109833
-0.209825 104.633534
0.209825 104.633534
-0.206931 105.152586
0.206931 105.152586
-0.204037 105.666795
0.204037 105.666795
-0.201143 106.175983
0.201143 106.175983
-0.198249 106.679987
0.198249 106.679987
-0.195355 107.178660
0.195355 107.178660
-0.192461 107.671862
0.192461 107.671862
-0.189566 108.159469
0.189566 108.159469
-0.186672 108.641361
0.186672 108.641361
-0.183778 109.117428
0.183778 109.117428
-0.180884 109.587567
0.180884 109.587567
-0.177990 110.051680
0.177990 110.051680
-0.175096 110.509676
0.175096 110.509676
-0.172202 110.961467
0.172202 110.961467
-0.169307 111.406971
0.169307 111.406971
-0.166413 111.846109
0.166413 111.846109
-0.163519 112.278805
0.163519 112.278805
-0.160625 112.704987
0.160625 112.704987
-0.157731 113.124586
0.157731 113.124586
-0.154837 113.537536
0.154837 113.537536
-0.151943 113.943772
0.151943 113.943772
-0.149048 114.343233
0.149048 114.343233
-0.146154 114.735860
0.146154 114.735860
-0.143260 115.121594
0.143260 115.121594
-0.140366 115.500379
0.140366 115.500379
-0.137472 115.872162
0.137472 115.872162
-0.134578 116.236890
0.134578 116.236890
-0.131684 116.594513
0.131684 116.594513
-0.128789 116.944980
0.128789 116.944980
-0.125895 117.288245
0.125895 117.288245
-0.123001 117.624259
0.123001 117.624259
-0.120107 117.952978
0.120107 117.952978
-0.117213 118.274359
0.117213 118.274359
-0.114319 118.588357
0.114319 118.588357
-0.111425 118.894931
0.111425 118.894931
-0.108530 119.194041
0.108530 119.194041
-0.105636 119.485648
0.105636 119.485648
-0.102742 119.769713
0.102742 119.769713
-0.099848 120.046199
0.099848 120.046199
-0.096954 120.315069
0.096954 120.315069
-0.094060 120.576290
0.094060 120.576290
-0.091166 120.829826
0.091166 120.829826
-0.088271 121.075645
0.088271 121.075645
-0.085377 121.313716
0.085377 121.313716
-0.082483 121.544007
0.082483 121.544007
-0.079589 121.766488
0.079589 121.766488
-0.076695 121.981130
0.076695 121.981130
-0.073801 122.187907
0.073801 122.187907
-0.070907 122.386790
0.070907 122.386790
-0.068012 122.577755
0.068012 122.577755
-0.065118 122.760776
0.065118 122.760776
-0.062224 122.935830
0.062224 122.935830
-0.059330 123.102895
0.059330 123.102895
-0.056436 123.261948
0.056436 123.261948
-0.053542 123.412969
0.053542 123.412969
-0.050648 123.555939
0.050648 123.555939
-0.047753 123.690838
0.047753 123.690838
-0.044859 123.817650
0.044859 123.817650
-0.041965 123.936358
0.041965 123.936358
-0.039071 124.046946
0.039071 124.046946
-0.036177 124.149400
0.036177 124.149400
-0.033283 124.243708
0.033283 124.243708
-0.030389 124.329855
0.030389 124.329855
-0.027494 124.407832
0.027494 124.407832
-0.024600 124.477629
0.024600 124.477629
-0.021706 124.539235
0.021706 124.539235
-0.018812 124.592643
0.018812 124.592643
-0.015918 124.637847
0.015918 124.637847
-0.013024 124.674840
0.013024 124.674840
-0.010130 124.703617
0.010130 124.703617
-0.007235 124.724175
0.007235 124.724175
-0.004341 124.736510
0.004341 124.736510
-0.001447 124.740623
0.001447 312.961053
0.001447 312.961387
-0.001447 312.961387
0.004341 312.962387
-0.004341 312.962387
0.007235 312.964052
-0.007235 312.964052
0.010130 312.966381
-0.010130 312.966381
0.013024 312.969372
-0.013024 312.969372
0.015918 312.973021
-0.015918 312.973021
0.018812 312.977325
-0.018812 312.977325
0.021706 312.982279
-0.021706 312.982279
0.024600 312.987879
-0.024600 312.987879
0.027494 312.994119
-0.027494 312.994119
0.030389 313.000992
-0.030389 313.000992
0.033283 313.008492
-0.033283 313.008492
0.036177 313.016611
-0.036177 313.016611
0.039071 313.025341
-0.039071 313.025341
0.041965 313.034674
-0.041965 313.034674
0.044859 313.044599
-0.044859 313.044599
0.047753 313.055107
-0.047753 313.055107
0.050648 313.066188
-0.050648 313.066188
0.053542 313.077829
-0.053542 313.077829
0.056436 313.090021
-0.056436 313.090021
0.059330 313.102750
-0.059330 313.102750
0.062224 313.116003
-0.062224 313.116003
0.065118 313.129768
-0.065118 313.129768
0.068012 313.144030
-0.068012 313.144030
0.070907 313.158776
-0.070907 313.158776
0.073801 313.173990
-0.073801 313.173990
0.076695 313.189658
-0.076695 313.189658
0.079589 313.205764
-0.079589 313.205764
0.082483 313.222291
-0.082483 313.222291
0.085377 313.239223
-0.085377 313.239223
0.088271 313.256544
-0.088271 313.256544
0.091166 313.274236
-0.091166 313.274236
0.094060 313.292281
-0.094060 313.292281
0.096954 313.310662
-0.096954 313.310662
0.099848 313.329360
-0.099848 313.329360
0.102742 313.348356
-0.102742 313.348356
0.105636 313.367632
-0.105636 313.367632
0.108530 313.387169
-0.108530 313.387169
0.111425 313.406947
-0.111425 313.406947
0.114319 313.426946
-0.114319 313.426946
0.117213 313.447147
-0.117213 313.447147
0.120107 313.467530
-0.120107 313.467530
0.123001 313.488074
-0.123001 313.488074
0.125895 313.508759
-0.125895 313.508759
0.128789 313.529565
-0.128789 313.529565
0.131684 313.550471
-0.131684 313.550471
0.134578 313.571456
-0.134578 313.571456
0.137472 313.592500
-0.137472 313.592500
0.140366 313.613582
-0.140366 313.613582
0.143260 313.634681
-0.143260 313.634681
0.146154 313.655777
-0.146154 313.655777
0.149048 313.676848
-0.149048 313.676848
0.151943 313.697873
-0.151943 313.697873
0.154837 313.718833
-0.154837 313.718833
0.157731 313.739706
-0.157731 313.739706
0.160625 313.760472
-0.160625 313.760472
0.163519 313.781110
-0.163519 313.781110
0.166413 313.801601
-0.166413 313.801601
0.169307 313.821923
-0.169307 313.821923
0.172202 313.842058
-0.172202 313.842058
0.175096 313.861985
-0.175096 313.861985
0.177990 313.881684
-0.177990 313.881684
0.180884 313.901137
-0.180884 313.901137
0.183778 313.920325
-0.183778 313.920325
0.186672 313.939228
-0.186672 313.939228
0.189566 313.957828
-0.189566 313.957828
0.192461 313.976107
-0.192461 313.976107
0.195355 313.994047
-0.195355 313.994047
0.198249 314.011630
-0.198249 314.011630
0.201143 314.028840
-0.201143 314.028840
0.204037 314.045659
-0.204037 314.045659
0.206931 314.062071
-0.206931 314.062071
0.209825 314.078059
-0.209825 314.078059
0.212720 314.093610
-0.212720 314.093610
0.215614 314.108706
-0.215614 314.108706
0.218508 314.123333
-0.218508 314.123333
0.221402 314.137478
-0.221402 314.137478
0.224296 314.151126
-0.224296 314.151126
0.227190 314.164264
-0.227190 314.164264
0.230084 314.176880
-0.230084 314.176880
0.232979 314.188960
-0.232979 314.188960
0.235873 314.200493
-0.235873 314.200493
0.238767 314.211469
-0.238767 314.211469
0.241661 314.221875
-0.241661 314.221875
0.244555 314.231702
-0.244555 314.231702
0.247449 314.240941
-0.247449 314.240941
0.250343 314.249583
-0.250343 314.249583
0.253238 314.257618
-0.253238 314.257618
0.256132 314.265040
-0.256132 314.265040
0.259026 314.271841
-0.259026 314.271841
0.261920 314.278014
-0.261920 314.278014
0.264814 314.283554
-0.264814 314.283554
0.267708 314.288455
-0.267708 314.288455
0.270602 314.292712
-0.270602 314.292712
0.273497 314.296321
-0.273497 314.296321
0.276391 314.299279
-0.276391 314.299279
0.279285 314.301582
-0.279285 314.301582
0.282179 314.303229
-0.282179 314.303229
0.285073 314.304218
-0.285073 314.304218
0.287967 314.304547
-0.287967 354.556673
-0.287967 354.556772
0.287967 354.556772
-0.285073 354.557067
0.285073 354.557067
-0.282179 354.557559
0.282179 354.557559
-0.279285 354.558247
0.279285 354.558247
-0.276391 354.559131
0.276391 354.559131
-0.273497 354.560209
0.273497 354.560209
-0.270602 354.561480
0.270602 354.561480
-0.267708 354.562943
0.267708 354.562943
-0.264814 354.564597
0.264814 354.564597
-0.261920 354.566439
0.261920 354.566439
-0.259026 354.568468
0.259026 354.568468
-0.256132 354.570682
0.256132 354.570682
-0.253238 354.573078
0.253238 354.573078
-0.250343 354.575654
0.250343 354.575654
-0.247449 354.578407
0.247449 354.578407
-0.244555 354.581334
0.244555 354.581334
-0.241661 354.584432
0.241661 354.584432
-0.238767 354.587698
0.238767 354.587698
-0.235873 354.591129
0.235873 354.591129
-0.232979 354.594720
0.232979 354.594720
-0.230084 354.598469
0.230084 354.598469
-0.227190 354.602371
0.227190 354.602371
-0.224296 354.606422
0.224296 354.606422
-0.221402 354.610618
0.221402 354.610618
-0.218508 354.614955
0.218508 354.614955
-0.215614 354.619428
0.215614 354.619428
-0.212720 354.624032
0.212720 354.624032
-0.209825 354.628764
0.209825 354.628764
-0.206931 354.633617
0.206931 354.633617
-0.204037 354.638588
0.204037 354.638588
-0.201143 354.643670
0.201143 354.643670
-0.198249 354.648859
0.198249 354.648859
-0.195355 354.654149
0.195355 354.654149
-0.192461 354.659535
0.192461 354.659535
-0.189566 354.665011
0.189566 354.665011
-0.186672 354.670573
0.186672 354.670573
-0.183778 354.676214
0.183778 354.676214
-0.180884 354.681928
0.180884 354.681928
-0.177990 354.687710
0.177990 354.687710
-0.175096 354.693554
0.175096 354.693554
-0.172202 354.699454
0.172202 354.699454
-0.169307 354.705404
0.169307 354.705404
-0.166413 354.711398
0.166413 354.711398
-0.163519 354.717430
0.163519 354.717430
-0.160625 354.723494
0.160625 354.723494
-0.157731 354.729585
0.157731 354.729585
-0.154837 354.735695
0.154837 354.735695
-0.151943 354.741819
0.151943 354.741819
-0.149048 354.747951
0.149048 354.747951
-0.146154 354.754085
0.146154 354.754085
-0.143260 354.760215
0.143260 354.760215
-0.140366 354.766335
0.140366 354.766335
-0.137472 354.772438
0.137472 354.772438
-0.134578 354.778518
0.134578 354.778518
-0.131684 354.784571
0.131684 354.784571
-0.128789 354.790589
0.128789 354.790589
-0.125895 354.796568
0.125895 354.796568
-0.123001 354.802500
0.123001 354.802500
-0.120107 354.808381
0.120107 354.808381
-0.117213 354.814205
0.117213 354.814205
-0.114319 354.819965
0.114319 354.819965
-0.111425 354.825658
0.111425 354.825658
-0.108530 354.831276
0.108530 354.831276
-0.105636 354.836815
0.105636 354.836815
-0.102742 354.842269
0.102742 354.842269
-0.099848 354.847633
0.099848 354.847633
-0.096954 354.852903
0.096954 354.852903
-0.094060 354.858072
0.094060 354.858072
-0.091166 354.863136
0.091166 354.863136
-0.088271 354.868091
0.088271 354.868091
-0.085377 354.872930
0.085377 354.872930
-0.082483 354.877651
0.082483 354.877651
-0.079589 354.882249
0.079589 354.882249
-0.076695 354.886718
0.076695 354.886718
-0.073801 354.891056
0.073801 354.891056
-0.070907 354.895257
0.070907 354.895257
-0.068012 354.899318
0.068012 354.899318
-0.065118 354.903235
0.065118 354.903235
-0.062224 354.907004
0.062224 354.907004
-0.059330 354.910623
0.059330 354.910623
-0.056436 354.914086
0.056436 354.914086
-0.053542 354.917392
0.053542 354.917392
-0.050648 354.920537
0.050648 354.920537
-0.047753 354.923519
0.047753 354.923519
-0.044859 354.926333
0.044859 354.926333
-0.041965 354.928979
0.041965 354.928979
-0.039071 354.931453
0.039071 354.931453
-0.036177 354.933753
0.036177 354.933753
-0.033283 354.935877
0.033283 354.935877
-0.030389 354.937823
0.030389 354.937823
-0.027494 354.939589
0.027494 354.939589
-0.024600 354.941173
0.024600 354.941173
-0.021706 354.942575
0.021706 354.942575
-0.018812 354.943792
0.018812 354.943792
-0.015918 354.944824
0.015918 354.944824
-0.013024 354.945670
0.013024 354.945670
-0.010130 354.946328
0.010130 354.946328
-0.007235 354.946799
0.007235 354.946799
-0.004341 354.947082
0.004341 354.947082
-0.001447 354.947176
