###############################################################
#Number of atoms in chain 800
#Number of cells 200
#Short Pt-X force constant 183.600000 N/M
#Long Pt-X force constant 21.100000 N/M
#Short X-X force constant 0.000000 N/M
#Long X-X force constant 0.000000 N/M
#Pt-Pt force constant 23.000000 N/M
#Distance between atom pair 2.327310 x10^-10 M
#Temperature 298.000000 K
#Acoustic MSRD 4.09183e-05 x10^-20 M^2
#Nu3 Optical MSRD 2.78706e-05 x10^-20 M^2
#Nu1 Optical MSRD 0.00118459 x10^-20 M^2
#Nu2 Optical MSRD 0.00129315 x10^-20 M^2
#Total MSRD 0.00254653 x10^-20 M^2
###############################################################
0.000000 0.000002
0.001447 0.872662
-0.001447 0.872662
0.004341 1.745274
-0.004341 1.745274
0.007235 2.617786
-0.007235 2.617786
0.010130 3.490147
-0.010130 3.490147
0.013024 4.362308
-0.013024 4.362308
0.015918 5.234217
-0.015918 5.234217
0.018812 6.105825
-0.018812 6.105825
0.021706 6.977082
-0.021706 6.977082
0.024600 7.847937
-0.024600 7.847937
0.027494 8.718339
-0.027494 8.718339
0.030389 9.588239
-0.030389 9.588239
0.033283 10.457586
-0.033283 10.457586
0.036177 11.326329
-0.036177 11.326329
0.039071 12.194419
-0.039071 12.194419
0.041965 13.061803
-0.041965 13.061803
0.044859 13.928432
-0.044859 13.928432
0.047753 14.794255
-0.047753 14.794255
0.050648 15.659220
-0.050648 15.659220
0.053542 16.523278
-0.053542 16.523278
0.056436 17.386376
-0.056436 17.386376
0.059330 18.248464
-0.059330 18.248464
0.062224 19.109491
-0.062224 19.109491
0.065118 19.969404
-0.065118 19.969404
0.068012 20.828152
-0.068012 20.828152
0.070907 21.685684
-0.070907 21.685684
0.073801 22.541948
-0.073801 22.541948
0.076695 23.396891
-0.076695 23.396891
0.079589 24.250462
-0.079589 24.250462
0.082483 25.102607
-0.082483 25.102607
0.085377 25.953274
-0.085377 25.953274
0.088271 26.802410
-0.088271 26.802410
0.091166 27.649961
-0.091166 27.649961
0.094060 28.495875
-0.094060 28.495875
0.096954 29.340097
-0.096954 29.340097
0.099848 30.182574
-0.099848 30.182574
0.102742 31.023250
-0.102742 31.023250
0.105636 31.862070
-0.105636 31.862070
0.108530 32.698979
-0.108530 32.698979
0.111425 33.533922
-0.111425 33.533922
0.114319 34.366842
-0.114319 34.366842
0.117213 35.197682
-0.117213 35.197682
0.120107 36.026384
-0.120107 36.026384
0.123001 36.852890
-0.123001 36.852890
0.125895 37.677142
-0.125895 37.677142
0.128789 38.499080
-0.128789 38.499080
0.131684 39.318643
-0.131684 39.318643
0.134578 40.135769
-0.134578 40.135769
0.137472 40.950397
-0.137472 40.950397
0.140366 41.762463
-0.140366 41.762463
0.143260 42.571901
-0.143260 42.571901
0.146154 43.378646
-0.146154 43.378646
0.149048 44.182630
-0.149048 44.182630
0.151943 44.983784
-0.151943 44.983784
0.154837 45.782037
-0.154837 45.782037
0.157731 46.577315
-0.157731 46.577315
0.160625 47.369542
-0.160625 47.369542
0.163519 48.158643
-0.163519 48.158643
0.166413 48.944534
-0.166413 48.944534
0.169307 49.727134
-0.169307 49.727134
0.172202 50.506354
-0.172202 50.506354
0.175096 51.282104
-0.175096 51.282104
0.177990 52.054288
-0.177990 52.054288
0.180884 52.822806
-0.180884 52.822806
0.183778 53.587552
-0.183778 53.587552
0.186672 54.348413
-0.186672 54.348413
0.189566 55.105271
-0.189566 55.105271
0.192461 55.857998
-0.192461 55.857998
0.195355 56.606456
-0.195355 56.606456
0.198249 57.350500
-0.198249 57.350500
0.201143 58.089967
-0.201143 58.089967
0.204037 58.824686
-0.204037 58.824686
0.206931 59.554464
-0.206931 59.554464
0.209825 60.279093
-0.209825 60.279093
0.212720 60.998340
-0.212720 60.998340
0.215614 61.711947
-0.215614 61.711947
0.218508 62.419625
-0.218508 62.419625
0.221402 63.121048
-0.221402 63.121048
0.224296 63.815846
-0.224296 63.815846
0.227190 64.503598
-0.227190 64.503598
0.230084 65.183821
-0.230084 65.183821
0.232979 65.855955
-0.232979 65.855955
0.235873 66.519351
-0.235873 66.519351
0.238767 67.173246
-0.238767 67.173246
0.241661 67.816744
-0.241661 67.816744
0.244555 68.448780
-0.244555 68.448780
0.247449 69.068084
-0.247449 69.068084
0.250343 69.673130
-0.250343 69.673130
0.253238 70.262079
-0.253238 70.262079
0.256132 70.832699
-0.256132 70.832699
0.259026 71.382278
-0.259026 71.382278
0.261920 71.907518
-0.261920 71.907518
0.264814 72.404419
-0.264814 72.404419
0.267708 72.868157
-0.267708 72.868157
0.270602 73.293001
-0.270602 73.293001
0.273497 73.672283
-0.273497 73.672283
0.276391 73.998524
-0.276391 73.998524
0.279285 74.263772
-0.279285 74.263772
0.282179 74.460236
-0.282179 74.460236
0.285073 74.581204
-0.285073 74.581204
0.287967 74.622075
-0.287967 85.231702
-0.287967 85.267924
0.287967 85.267924
-0.285073 85.374949
0.285073 85.374949
-0.282179 85.548173
0.282179 85.548173
-0.279285 85.780886
0.279285 85.780886
-0.276391 86.065298
0.276391 86.065298
-0.273497 86.393459
0.273497 86.393459
-0.270602 86.757888
0.270602 86.757888
-0.267708 87.151923
0.267708 87.151923
-0.264814 87.569832
0.264814 87.569832
-0.261920 88.006795
0.261920 88.006795
-0.259026 88.458813
0.259026 88.458813
-0.256132 88.922591
0.256132 88.922591
-0.253238 89.395420
0.253238 89.395420
-0.250343 89.875072
0.250343 89.875072
-0.247449 90.359710
0.247449 90.359710
-0.244555 90.847813
0.244555 90.847813
-0.241661 91.338114
0.241661 91.338114
-0.238767 91.829554
0.238767 91.829554
-0.235873 92.321239
0.235873 92.321239
-0.232979 92.812413
0.232979 92.812413
-0.230084 93.302431
0.230084 93.302431
-0.227190 93.790740
0.227190 93.790740
-0.224296 94.276861
0.224296 94.276861
-0.221402 94.760379
0.221402 94.760379
-0.218508 95.240932
0.218508 95.240932
-0.215614 95.718199
0.215614 95.718199
-0.212720 96.191899
0.212720 96.191899
-0.209825 96.661781
0.209825 96.661781
-0.206931 97.127619
0.206931 97.127619
-0.204037 97.589213
0.204037 97.589213
-0.201143 98.046381
0.201143 98.046381
-0.198249 98.498956
0.198249 98.498956
-0.195355 98.946788
0.195355 98.946788
-0.192461 99.389738
0.192461 99.389738
-0.189566 99.827680
0.189566 99.827680
-0.186672 100.260496
0.186672 100.260496
-0.183778 100.688078
0.183778 100.688078
-0.180884 101.110322
0.180884 101.110322
-0.177990 101.527136
0.177990 101.527136
-0.175096 101.938430
0.175096 101.938430
-0.172202 102.344121
0.172202 102.344121
-0.169307 102.744130
0.169307 102.744130
-0.166413 103.138382
0.166413 103.138382
-0.163519 103.526808
0.163519 103.526808
-0.160625 103.909340
0.160625 103.909340
-0.157731 104.285914
0.157731 104.285914
-0.154837 104.656469
0.154837 104.656469
-0.151943 105.020948
0.151943 105.020948
-0.149048 105.379295
0.149048 105.379295
-0.146154 105.731455
0.146154 105.731455
-0.143260 106.077379
0.143260 106.077379
-0.140366 106.417016
0.140366 106.417016
-0.137472 106.750320
0.137472 106.750320
-0.134578 107.077244
0.134578 107.077244
-0.131684 107.397744
0.131684 107.397744
-0.128789 107.711778
0.128789 107.711778
-0.125895 108.019304
0.125895 108.019304
-0.123001 108.320283
0.123001 108.320283
-0.120107 108.614677
0.120107 108.614677
-0.117213 108.902447
0.117213 108.902447
-0.114319 109.183559
0.114319 109.183559
-0.111425 109.457978
0.111425 109.457978
-0.108530 109.725669
0.108530 109.725669
-0.105636 109.986600
0.105636 109.986600
-0.102742 110.240740
0.102742 110.240740
-0.099848 110.488059
0.099848 110.488059
-0.096954 110.728525
0.096954 110.728525
-0.094060 110.962113
0.094060 110.962113
-0.091166 111.188792
0.091166 111.188792
-0.088271 111.408538
0.088271 111.408538
-0.085377 111.621324
0.085377 111.621324
-0.082483 111.827126
0.082483 111.827126
-0.079589 112.025919
0.079589 112.025919
-0.076695 112.217681
0.076695 112.217681
-0.073801 112.402390
0.073801 112.402390
-0.070907 112.580024
0.070907 112.580024
-0.068012 112.750563
0.068012 112.750563
-0.065118 112.913988
0.065118 112.913988
-0.062224 113.070279
0.062224 113.070279
-0.059330 113.219420
0.059330 113.219420
-0.056436 113.361393
0.056436 113.361393
-0.053542 113.496181
0.053542 113.496181
-0.050648 113.623771
0.050648 113.623771
-0.047753 113.744146
0.047753 113.744146
-0.044859 113.857295
0.044859 113.857295
-0.041965 113.963203
0.041965 113.963203
-0.039071 114.061859
0.039071 114.061859
-0.036177 114.153252
0.036177 114.153252
-0.033283 114.237371
0.033283 114.237371
-0.030389 114.314207
0.030389 114.314207
-0.027494 114.383752
0.027494 114.383752
-0.024600 114.445997
0.024600 114.445997
-0.021706 114.500936
0.021706 114.500936
-0.018812 114.548562
0.018812 114.548562
-0.015918 114.588870
0.015918 114.588870
-0.013024 114.621855
0.013024 114.621855
-0.010130 114.647515
0.010130 114.647515
-0.007235 114.665845
0.007235 114.665845
-0.004341 114.676843
0.004341 114.676843
-0.001447 114.680510
0.001447 313.037525
0.001447 313.037687
-0.001447 313.037687
0.004341 313.038173
-0.004341 313.038173
0.007235 313.038982
-0.007235 313.038982
0.010130 313.040113
-0.010130 313.040113
0.013024 313.041566
-0.013024 313.041566
0.015918 313.043339
-0.015918 313.043339
0.018812 313.045430
-0.018812 313.045430
0.021706 313.047837
-0.021706 313.047837
0.024600 313.050557
-0.024600 313.050557
0.027494 313.053589
-0.027494 313.053589
0.030389 313.056928
-0.030389 313.056928
0.033283 313.060571
-0.033283 313.060571
0.036177 313.064516
-0.036177 313.064516
0.039071 313.068757
-0.039071 313.068757
0.041965 313.073290
-0.041965 313.073290
0.044859 313.078112
-0.044859 313.078112
0.047753 313.083217
-0.047753 313.083217
0.050648 313.088599
-0.050648 313.088599
0.053542 313.094255
-0.053542 313.094255
0.056436 313.100177
-0.056436 313.100177
0.059330 313.106360
-0.059330 313.106360
0.062224 313.112799
-0.062224 313.112799
0.065118 313.119485
-0.065118 313.119485
0.068012 313.126413
-0.068012 313.126413
0.070907 313.133576
-0.070907 313.133576
0.073801 313.140966
-0.073801 313.140966
0.076695 313.148576
-0.076695 313.148576
0.079589 313.156399
-0.079589 313.156399
0.082483 313.164427
-0.082483 313.164427
0.085377 313.172651
-0.085377 313.172651
0.088271 313.181064
-0.088271 313.181064
0.091166 313.189657
-0.091166 313.189657
0.094060 313.198421
-0.094060 313.198421
0.096954 313.207348
-0.096954 313.207348
0.099848 313.216429
-0.099848 313.216429
0.102742 313.225655
-0.102742 313.225655
0.105636 313.235017
-0.105636 313.235017
0.108530 313.244504
-0.108530 313.244504
0.111425 313.254109
-0.111425 313.254109
0.114319 313.263821
-0.114319 313.263821
0.117213 313.273631
-0.117213 313.273631
0.120107 313.283528
-0.120107 313.283528
0.123001 313.293504
-0.123001 313.293504
0.125895 313.303548
-0.125895 313.303548
0.128789 313.313650
-0.128789 313.313650
0.131684 313.323801
-0.131684 313.323801
0.134578 313.333990
-0.134578 313.333990
0.137472 313.344207
-0.137472 313.344207
0.140366 313.354442
-0.140366 313.354442
0.143260 313.364685
-0.143260 313.364685
0.146154 313.374926
-0.146154 313.374926
0.149048 313.385155
-0.149048 313.385155
0.151943 313.395362
-0.151943 313.395362
0.154837 313.405536
-0.154837 313.405536
0.157731 313.415667
-0.157731 313.415667
0.160625 313.425747
-0.160625 313.425747
0.163519 313.435764
-0.163519 313.435764
0.166413 313.445709
-0.166413 313.445709
0.169307 313.455572
-0.169307 313.455572
0.172202 313.465344
-0.172202 313.465344
0.175096 313.475014
-0.175096 313.475014
0.177990 313.484574
-0.177990 313.484574
0.180884 313.494014
-0.180884 313.494014
0.183778 313.503324
-0.183778 313.503324
0.186672 313.512497
-0.186672 313.512497
0.189566 313.521521
-0.189566 313.521521
0.192461 313.530390
-0.192461 313.530390
0.195355 313.539094
-0.195355 313.539094
0.198249 313.547625
-0.198249 313.547625
0.201143 313.555974
-0.201143 313.555974
0.204037 313.564133
-0.204037 313.564133
0.206931 313.572095
-0.206931 313.572095
0.209825 313.579851
-0.209825 313.579851
0.212720 313.587394
-0.212720 313.587394
0.215614 313.594716
-0.215614 313.594716
0.218508 313.601811
-0.218508 313.601811
0.221402 313.608672
-0.221402 313.608672
0.224296 313.615291
-0.224296 313.615291
0.227190 313.621663
-0.227190 313.621663
0.230084 313.627781
-0.230084 313.627781
0.232979 313.633640
-0.232979 313.633640
0.235873 313.639233
-0.235873 313.639233
0.238767 313.644555
-0.238767 313.644555
0.241661 313.649602
-0.241661 313.649602
0.244555 313.654367
-0.244555 313.654367
0.247449 313.658847
-0.247449 313.658847
0.250343 313.663038
-0.250343 313.663038
0.253238 313.666934
-0.253238 313.666934
0.256132 313.670533
-0.256132 313.670533
0.259026 313.673830
-0.259026 313.673830
0.261920 313.676823
-0.261920 313.676823
0.264814 313.679509
-0.264814 313.679509
0.267708 313.681886
-0.267708 313.681886
0.270602 313.683950
-0.270602 313.683950
0.273497 313.685699
-0.273497 313.685699
0.276391 313.687133
-0.276391 313.687133
0.279285 313.688250
-0.279285 313.688250
0.282179 313.689049
-0.282179 313.689049
0.285073 313.689528
-0.285073 313.689528
0.287967 313.689688
-0.287967 358.289500
-0.287967 358.289532
0.287967 358.289532
-0.285073 358.289625
0.285073 358.289625
-0.282179 358.289781
0.282179 358.289781
-0.279285 358.290000
0.279285 358.290000
-0.276391 358.290280
0.276391 358.290280
-0.273497 358.290622
0.273497 358.290622
-0.270602 358.291025
0.270602 358.291025
-0.267708 358.291489
0.267708 358.291489
-0.264814 358.292014
0.264814 358.292014
-0.261920 358.292598
0.261920 358.292598
-0.259026 358.293242
0.259026 358.293242
-0.256132 358.293945
0.256132 358.293945
-0.253238 358.294706
0.253238 358.294706
-0.250343 358.295524
0.250343 358.295524
-0.247449 358.296398
0.247449 358.296398
-0.244555 358.297328
0.244555 358.297328
-0.241661 358.298312
0.241661 358.298312
-0.238767 358.299350
0.238767 358.299350
-0.235873 358.300440
0.235873 358.300440
-0.232979 358.301582
0.232979 358.301582
-0.230084 358.302774
0.230084 358.302774
-0.227190 358.304016
0.227190 358.304016
-0.224296 358.305305
0.224296 358.305305
-0.221402 358.306640
0.221402 358.306640
-0.218508 358.308021
0.218508 358.308021
-0.215614 358.309446
0.215614 358.309446
-0.212720 358.310913
0.212720 358.310913
-0.209825 358.312421
0.209825 358.312421
-0.206931 358.313968
0.206931 358.313968
-0.204037 358.315553
0.204037 358.315553
-0.201143 358.317175
0.201143 358.317175
-0.198249 358.318831
0.198249 358.318831
-0.195355 358.320520
0.195355 358.320520
-0.192461 358.322241
0.192461 358.322241
-0.189566 358.323991
0.189566 358.323991
-0.186672 358.325768
0.186672 358.325768
-0.183778 358.327572
0.183778 358.327572
-0.180884 358.329400
0.180884 358.329400
-0.177990 358.331251
0.177990 358.331251
-0.175096 358.333122
0.175096 358.333122
-0.172202 358.335012
0.172202 358.335012
-0.169307 358.336919
0.169307 358.336919
-0.166413 358.338840
0.166413 358.338840
-0.163519 358.340775
0.163519 358.340775
-0.160625 358.342721
0.160625 358.342721
-0.157731 358.344676
0.157731 358.344676
-0.154837 358.346639
0.154837 358.346639
-0.151943 358.348606
0.151943 358.348606
-0.149048 358.350577
0.149048 358.350577
-0.146154 358.352550
0.146154 358.352550
-0.143260 358.354522
0.143260 358.354522
-0.140366 358.356492
0.140366 358.356492
-0.137472 358.358457
0.137472 358.358457
-0.134578 358.360416
0.134578 358.360416
-0.131684 358.362366
0.131684 358.362366
-0.128789 358.364307
0.128789 358.364307
-0.125895 358.366235
0.125895 358.366235
-0.123001 358.368149
0.123001 358.368149
-0.120107 358.370048
0.120107 358.370048
-0.117213 358.371928
0.117213 358.371928
-0.114319 358.373790
0.114319 358.373790
-0.111425 358.375630
0.111425 358.375630
-0.108530 358.377446
0.108530 358.377446
-0.105636 358.379238
0.105636 358.379238
-0.102742 358.381003
0.102742 358.381003
-0.099848 358.382740
0.099848 358.382740
-0.096954 358.384446
0.096954 358.384446
-0.094060 358.386121
0.094060 358.386121
-0.091166 358.387762
0.091166 358.387762
-0.088271 358.389368
0.088271 358.389368
-0.085377 358.390938
0.085377 358.390938
-0.082483 358.392469
0.082483 358.392469
-0.079589 358.393961
0.079589 358.393961
-0.076695 358.395412
0.076695 358.395412
-0.073801 358.396821
0.073801 358.396821
-0.070907 358.398185
0.070907 358.398185
-0.068012 358.399505
0.068012 358.399505
-0.065118 358.400778
0.065118 358.400778
-0.062224 358.402003
0.062224 358.402003
-0.059330 358.403180
0.059330 358.403180
-0.056436 358.404307
0.056436 358.404307
-0.053542 358.405382
0.053542 358.405382
-0.050648 358.406406
0.050648 358.406406
-0.047753 358.407376
0.047753 358.407376
-0.044859 358.408292
0.044859 358.408292
-0.041965 358.409154
0.041965 358.409154
-0.039071 358.409960
0.039071 358.409960
-0.036177 358.410709
0.036177 358.410709
-0.033283 358.411401
0.033283 358.411401
-0.030389 358.412035
0.030389 358.412035
-0.027494 358.412610
0.027494 358.412610
-0.024600 358.413127
0.024600 358.413127
-0.021706 358.413583
0.021706 358.413583
-0.018812 358.413980
0.018812 358.413980
-0.015918 358.414317
0.015918 358.414317
-0.013024 358.414592
0.013024 358.414592
-0.010130 358.414807
0.010130 358.414807
-0.007235 358.414961
0.007235 358.414961
-0.004341 358.415053
0.004341 358.415053
-0.001447 358.415083
