###############################################################
#Number of atoms in chain 800
#Number of cells 200
#Short Pt-X force constant 174.500000 N/M
#Long Pt-X force constant 30.100000 N/M
#Short X-X force constant 0.000000 N/M
#Long X-X force constant 0.000000 N/M
#Pt-Pt force constant 0.000000 N/M
#Distance between atom pair 2.327310 x10^-10 M
#Temperature 298.000000 K
#Acoustic MSRD 0.000154384 x10^-20 M^2
#Nu3 Optical MSRD 0.000137307 x10^-20 M^2
#Nu1 Optical MSRD 0.00118073 x10^-20 M^2
#Nu2 Optical MSRD 0.00131622 x10^-20 M^2
#Total MSRD 0.00278864 x10^-20 M^2
###############################################################
0.000000 0.000004
0.001447 0.682870
-0.001447 0.682870
0.004341 1.365704
-0.004341 1.365704
0.007235 2.048468
-0.007235 2.048468
0.010130 2.731126
-0.010130 2.731126
0.013024 3.413642
-0.013024 3.413642
0.015918 4.095981
-0.015918 4.095981
0.018812 4.778108
-0.018812 4.778108
0.021706 5.459987
-0.021706 5.459987
0.024600 6.141583
-0.024600 6.141583
0.027494 6.822861
-0.027494 6.822861
0.030389 7.503783
-0.030389 7.503783
0.033283 8.184316
-0.033283 8.184316
0.036177 8.864424
-0.036177 8.864424
0.039071 9.544070
-0.039071 9.544070
0.041965 10.223218
-0.041965 10.223218
0.044859 10.901834
-0.044859 10.901834
0.047753 11.579881
-0.047753 11.579881
0.050648 12.257323
-0.050648 12.257323
0.053542 12.934124
-0.053542 12.934124
0.056436 13.610248
-0.056436 13.610248
0.059330 14.285659
-0.059330 14.285659
0.062224 14.960319
-0.062224 14.960319
0.065118 15.634193
-0.065118 15.634193
0.068012 16.307244
-0.068012 16.307244
0.070907 16.979436
-0.070907 16.979436
0.073801 17.650730
-0.073801 17.650730
0.076695 18.321091
-0.076695 18.321091
0.079589 18.990481
-0.079589 18.990481
0.082483 19.658863
-0.082483 19.658863
0.085377 20.326198
-0.085377 20.326198
0.088271 20.992450
-0.088271 20.992450
0.091166 21.657580
-0.091166 21.657580
0.094060 22.321550
-0.094060 22.321550
0.096954 22.984322
-0.096954 22.984322
0.099848 23.645856
-0.099848 23.645856
0.102742 24.306115
-0.102742 24.306115
0.105636 24.965058
-0.105636 24.965058
0.108530 25.622646
-0.108530 25.622646
0.111425 26.278839
-0.111425 26.278839
0.114319 26.933596
-0.114319 26.933596
0.117213 27.586878
-0.117213 27.586878
0.120107 28.238642
-0.120107 28.238642
0.123001 28.888847
-0.123001 28.888847
0.125895 29.537452
-0.125895 29.537452
0.128789 30.184413
-0.128789 30.184413
0.131684 30.829687
-0.131684 30.829687
0.134578 31.473230
-0.134578 31.473230
0.137472 32.114998
-0.137472 32.114998
0.140366 32.754945
-0.140366 32.754945
0.143260 33.393025
-0.143260 33.393025
0.146154 34.029192
-0.146154 34.029192
0.149048 34.663396
-0.149048 34.663396
0.151943 35.295590
-0.151943 35.295590
0.154837 35.925721
-0.154837 35.925721
0.157731 36.553740
-0.157731 36.553740
0.160625 37.179593
-0.160625 37.179593
0.163519 37.803224
-0.163519 37.803224
0.166413 38.424578
-0.166413 38.424578
0.169307 39.043595
-0.169307 39.043595
0.172202 39.660216
-0.172202 39.660216
0.175096 40.274376
-0.175096 40.274376
0.177990 40.886011
-0.177990 40.886011
0.180884 41.495049
-0.180884 41.495049
0.183778 42.101420
-0.183778 42.101420
0.186672 42.705044
-0.186672 42.705044
0.189566 43.305843
-0.189566 43.305843
0.192461 43.903728
-0.192461 43.903728
0.195355 44.498606
-0.195355 44.498606
0.198249 45.090379
-0.198249 45.090379
0.201143 45.678939
-0.201143 45.678939
0.204037 46.264169
-0.204037 46.264169
0.206931 46.845941
-0.206931 46.845941
0.209825 47.424116
-0.209825 47.424116
0.212720 47.998540
-0.212720 47.998540
0.215614 48.569040
-0.215614 48.569040
0.218508 49.135425
-0.218508 49.135425
0.221402 49.697478
-0.221402 49.697478
0.224296 50.254954
-0.224296 50.254954
0.227190 50.807573
-0.227190 50.807573
0.230084 51.355011
-0.230084 51.355011
0.232979 51.896895
-0.232979 51.896895
0.235873 52.432787
-0.235873 52.432787
0.238767 52.962172
-0.238767 52.962172
0.241661 53.484436
-0.241661 53.484436
0.244555 53.998847
-0.244555 53.998847
0.247449 54.504517
-0.247449 54.504517
0.250343 55.000369
-0.250343 55.000369
0.253238 55.485078
-0.253238 55.485078
0.256132 55.957005
-0.256132 55.957005
0.259026 56.414112
-0.259026 56.414112
0.261920 56.853849
-0.261920 56.853849
0.264814 57.273019
-0.264814 57.273019
0.267708 57.667620
-0.267708 57.667620
0.270602 58.032680
-0.270602 58.032680
0.273497 58.362126
-0.273497 58.362126
0.276391 58.648762
-0.276391 58.648762
0.279285 58.884489
-0.279285 58.884489
0.282179 59.060909
-0.282179 59.060909
0.285073 59.170411
-0.285073 59.170411
0.287967 59.207572
-0.287967 66.560183
-0.287967 66.593803
0.287967 66.593803
-0.285073 66.692683
0.285073 66.692683
-0.282179 66.851400
0.282179 66.851400
-0.279285 67.062342
0.279285 67.062342
-0.276391 67.317113
0.276391 67.317113
-0.273497 67.607612
0.273497 67.607612
-0.270602 67.926645
0.270602 67.926645
-0.267708 68.268139
0.267708 68.268139
-0.264814 68.627121
0.264814 68.627121
-0.261920 68.999590
0.261920 68.999590
-0.259026 69.382351
0.259026 69.382351
-0.256132 69.772852
0.256132 69.772852
-0.253238 70.169056
0.253238 70.169056
-0.250343 70.569326
0.250343 70.569326
-0.247449 70.972337
0.247449 70.972337
-0.244555 71.377011
0.244555 71.377011
-0.241661 71.782462
0.241661 71.782462
-0.238767 72.187959
0.238767 72.187959
-0.235873 72.592889
0.235873 72.592889
-0.232979 72.996737
0.232979 72.996737
-0.230084 73.399067
0.230084 73.399067
-0.227190 73.799507
0.227190 73.799507
-0.224296 74.197733
0.224296 74.197733
-0.221402 74.593469
0.221402 74.593469
-0.218508 74.986468
0.218508 74.986468
-0.215614 75.376517
0.215614 75.376517
-0.212720 75.763425
0.212720 75.763425
-0.209825 76.147023
0.209825 76.147023
-0.206931 76.527157
0.206931 76.527157
-0.204037 76.903690
0.204037 76.903690
-0.201143 77.276496
0.201143 77.276496
-0.198249 77.645462
0.198249 77.645462
-0.195355 78.010482
0.195355 78.010482
-0.192461 78.371460
0.192461 78.371460
-0.189566 78.728305
0.189566 78.728305
-0.186672 79.080933
0.186672 79.080933
-0.183778 79.429268
0.183778 79.429268
-0.180884 79.773234
0.180884 79.773234
-0.177990 80.112763
0.177990 80.112763
-0.175096 80.447790
0.175096 80.447790
-0.172202 80.778251
0.172202 80.778251
-0.169307 81.104090
0.169307 81.104090
-0.166413 81.425248
0.166413 81.425248
-0.163519 81.741673
0.163519 81.741673
-0.160625 82.053312
0.160625 82.053312
-0.157731 82.360117
0.157731 82.360117
-0.154837 82.662040
0.154837 82.662040
-0.151943 82.959035
0.151943 82.959035
-0.149048 83.251058
0.149048 83.251058
-0.146154 83.538066
0.146154 83.538066
-0.143260 83.820019
0.143260 83.820019
-0.140366 84.096875
0.140366 84.096875
-0.137472 84.368598
0.137472 84.368598
-0.134578 84.635148
0.134578 84.635148
-0.131684 84.896490
0.131684 84.896490
-0.128789 85.152588
0.128789 85.152588
-0.125895 85.403408
0.125895 85.403408
-0.123001 85.648917
0.123001 85.648917
-0.120107 85.889083
0.120107 85.889083
-0.117213 86.123873
0.117213 86.123873
-0.114319 86.353258
0.114319 86.353258
-0.111425 86.577208
0.111425 86.577208
-0.108530 86.795694
0.108530 86.795694
-0.105636 87.008687
0.105636 87.008687
-0.102742 87.216162
0.102742 87.216162
-0.099848 87.418090
0.099848 87.418090
-0.096954 87.614448
0.096954 87.614448
-0.094060 87.805209
0.094060 87.805209
-0.091166 87.990349
0.091166 87.990349
-0.088271 88.169847
0.088271 88.169847
-0.085377 88.343677
0.085377 88.343677
-0.082483 88.511820
0.082483 88.511820
-0.079589 88.674254
0.079589 88.674254
-0.076695 88.830958
0.076695 88.830958
-0.073801 88.981913
0.073801 88.981913
-0.070907 89.127100
0.070907 89.127100
-0.068012 89.266501
0.068012 89.266501
-0.065118 89.400098
0.065118 89.400098
-0.062224 89.527875
0.062224 89.527875
-0.059330 89.649816
0.059330 89.649816
-0.056436 89.765906
0.056436 89.765906
-0.053542 89.876129
0.053542 89.876129
-0.050648 89.980473
0.050648 89.980473
-0.047753 90.078924
0.047753 90.078924
-0.044859 90.171470
0.044859 90.171470
-0.041965 90.258099
0.041965 90.258099
-0.039071 90.338801
0.039071 90.338801
-0.036177 90.413566
0.036177 90.413566
-0.033283 90.482384
0.033283 90.482384
-0.030389 90.545247
0.030389 90.545247
-0.027494 90.602146
0.027494 90.602146
-0.024600 90.653075
0.024600 90.653075
-0.021706 90.698027
0.021706 90.698027
-0.018812 90.736997
0.018812 90.736997
-0.015918 90.769980
0.015918 90.769980
-0.013024 90.796972
0.013024 90.796972
-0.010130 90.817969
0.010130 90.817969
-0.007235 90.832969
0.007235 90.832969
-0.004341 90.841969
0.004341 90.841969
-0.001447 90.844970
0.001447 312.961053
0.001447 312.961367
-0.001447 312.961367
0.004341 312.962309
-0.004341 312.962309
0.007235 312.963878
-0.007235 312.963878
0.010130 312.966072
-0.010130 312.966072
0.013024 312.968889
-0.013024 312.968889
0.015918 312.972327
-0.015918 312.972327
0.018812 312.976383
-0.018812 312.976383
0.021706 312.981051
-0.021706 312.981051
0.024600 312.986329
-0.024600 312.986329
0.027494 312.992211
-0.027494 312.992211
0.030389 312.998691
-0.030389 312.998691
0.033283 313.005762
-0.033283 313.005762
0.036177 313.013420
-0.036177 313.013420
0.039071 313.021655
-0.039071 313.021655
0.041965 313.030460
-0.041965 313.030460
0.044859 313.039826
-0.044859 313.039826
0.047753 313.049746
-0.047753 313.049746
0.050648 313.060208
-0.050648 313.060208
0.053542 313.071203
-0.053542 313.071203
0.056436 313.082721
-0.056436 313.082721
0.059330 313.094750
-0.059330 313.094750
0.062224 313.107279
-0.062224 313.107279
0.065118 313.120296
-0.065118 313.120296
0.068012 313.133787
-0.068012 313.133787
0.070907 313.147741
-0.070907 313.147741
0.073801 313.162144
-0.073801 313.162144
0.076695 313.176982
-0.076695 313.176982
0.079589 313.192240
-0.079589 313.192240
0.082483 313.207903
-0.082483 313.207903
0.085377 313.223958
-0.085377 313.223958
0.088271 313.240387
-0.088271 313.240387
0.091166 313.257176
-0.091166 313.257176
0.094060 313.274307
-0.094060 313.274307
0.096954 313.291765
-0.096954 313.291765
0.099848 313.309532
-0.099848 313.309532
0.102742 313.327591
-0.102742 313.327591
0.105636 313.345925
-0.105636 313.345925
0.108530 313.364516
-0.108530 313.364516
0.111425 313.383344
-0.111425 313.383344
0.114319 313.402394
-0.114319 313.402394
0.117213 313.421644
-0.117213 313.421644
0.120107 313.441078
-0.120107 313.441078
0.123001 313.460676
-0.123001 313.460676
0.125895 313.480418
-0.125895 313.480418
0.128789 313.500285
-0.128789 313.500285
0.131684 313.520258
-0.131684 313.520258
0.134578 313.540318
-0.134578 313.540318
0.137472 313.560444
-0.137472 313.560444
0.140366 313.580617
-0.140366 313.580617
0.143260 313.600817
-0.143260 313.600817
0.146154 313.621024
-0.146154 313.621024
0.149048 313.641217
-0.149048 313.641217
0.151943 313.661378
-0.151943 313.661378
0.154837 313.681487
-0.154837 313.681487
0.157731 313.701522
-0.157731 313.701522
0.160625 313.721465
-0.160625 313.721465
0.163519 313.741296
-0.163519 313.741296
0.166413 313.760994
-0.166413 313.760994
0.169307 313.780542
-0.169307 313.780542
0.172202 313.799918
-0.172202 313.799918
0.175096 313.819103
-0.175096 313.819103
0.177990 313.838080
-0.177990 313.838080
0.180884 313.856828
-0.180884 313.856828
0.183778 313.875329
-0.183778 313.875329
0.186672 313.893564
-0.186672 313.893564
0.189566 313.911516
-0.189566 313.911516
0.192461 313.929166
-0.192461 313.929166
0.195355 313.946496
-0.195355 313.946496
0.198249 313.963489
-0.198249 313.963489
0.201143 313.980128
-0.201143 313.980128
0.204037 313.996397
-0.204037 313.996397
0.206931 314.012278
-0.206931 314.012278
0.209825 314.027757
-0.209825 314.027757
0.212720 314.042816
-0.212720 314.042816
0.215614 314.057442
-0.215614 314.057442
0.218508 314.071619
-0.218508 314.071619
0.221402 314.085333
-0.221402 314.085333
0.224296 314.098570
-0.224296 314.098570
0.227190 314.111317
-0.227190 314.111317
0.230084 314.123560
-0.230084 314.123560
0.232979 314.135288
-0.232979 314.135288
0.235873 314.146488
-0.235873 314.146488
0.238767 314.157149
-0.238767 314.157149
0.241661 314.167261
-0.241661 314.167261
0.244555 314.176812
-0.244555 314.176812
0.247449 314.185794
-0.247449 314.185794
0.250343 314.194196
-0.250343 314.194196
0.253238 314.202011
-0.253238 314.202011
0.256132 314.209231
-0.256132 314.209231
0.259026 314.215847
-0.259026 314.215847
0.261920 314.221854
-0.261920 314.221854
0.264814 314.227246
-0.264814 314.227246
0.267708 314.232016
-0.267708 314.232016
0.270602 314.236160
-0.270602 314.236160
0.273497 314.239674
-0.273497 314.239674
0.276391 314.242553
-0.276391 314.242553
0.279285 314.244796
-0.279285 314.244796
0.282179 314.246400
-0.282179 314.246400
0.285073 314.247363
-0.285073 314.247363
0.287967 314.247684
-0.287967 353.272103
-0.287967 353.272279
0.287967 353.272279
-0.285073 353.272806
0.285073 353.272806
-0.282179 353.273684
0.282179 353.273684
-0.279285 353.274911
0.279285 353.274911
-0.276391 353.276487
0.276391 353.276487
-0.273497 353.278410
0.273497 353.278410
-0.270602 353.280677
0.270602 353.280677
-0.267708 353.283287
0.267708 353.283287
-0.264814 353.286236
0.264814 353.286236
-0.261920 353.289521
0.261920 353.289521
-0.259026 353.293140
0.259026 353.293140
-0.256132 353.297087
0.256132 353.297087
-0.253238 353.301359
0.253238 353.301359
-0.250343 353.305951
0.250343 353.305951
-0.247449 353.310859
0.247449 353.310859
-0.244555 353.316076
0.244555 353.316076
-0.241661 353.321599
0.241661 353.321599
-0.238767 353.327420
0.238767 353.327420
-0.235873 353.333533
0.235873 353.333533
-0.232979 353.339933
0.232979 353.339933
-0.230084 353.346612
0.230084 353.346612
-0.227190 353.353563
0.227190 353.353563
-0.224296 353.360780
0.224296 353.360780
-0.221402 353.368254
0.221402 353.368254
-0.218508 353.375977
0.218508 353.375977
-0.215614 353.383942
0.215614 353.383942
-0.212720 353.392140
0.212720 353.392140
-0.209825 353.400563
0.209825 353.400563
-0.206931 353.409202
0.206931 353.409202
-0.204037 353.418047
0.204037 353.418047
-0.201143 353.427091
0.201143 353.427091
-0.198249 353.436323
0.198249 353.436323
-0.195355 353.445733
0.195355 353.445733
-0.192461 353.455313
0.192461 353.455313
-0.189566 353.465053
0.189566 353.465053
-0.186672 353.474942
0.186672 353.474942
-0.183778 353.484970
0.183778 353.484970
-0.180884 353.495127
0.180884 353.495127
-0.177990 353.505403
0.177990 353.505403
-0.175096 353.515788
0.175096 353.515788
-0.172202 353.526270
0.172202 353.526270
-0.169307 353.536840
0.169307 353.536840
-0.166413 353.547486
0.166413 353.547486
-0.163519 353.558198
0.163519 353.558198
-0.160625 353.568965
0.160625 353.568965
-0.157731 353.579777
0.157731 353.579777
-0.154837 353.590622
0.154837 353.590622
-0.151943 353.601491
0.151943 353.601491
-0.149048 353.612371
0.149048 353.612371
-0.146154 353.623253
0.146154 353.623253
-0.143260 353.634126
0.143260 353.634126
-0.140366 353.644978
0.140366 353.644978
-0.137472 353.655800
0.137472 353.655800
-0.134578 353.666580
0.134578 353.666580
-0.131684 353.677309
0.131684 353.677309
-0.128789 353.687975
0.128789 353.687975
-0.125895 353.698569
0.125895 353.698569
-0.123001 353.709079
0.123001 353.709079
-0.120107 353.719497
0.120107 353.719497
-0.117213 353.729812
0.117213 353.729812
-0.114319 353.740013
0.114319 353.740013
-0.111425 353.750092
0.111425 353.750092
-0.108530 353.760038
0.108530 353.760038
-0.105636 353.769843
0.105636 353.769843
-0.102742 353.779496
0.102742 353.779496
-0.099848 353.788989
0.099848 353.788989
-0.096954 353.798312
0.096954 353.798312
-0.094060 353.807457
0.094060 353.807457
-0.091166 353.816415
0.091166 353.816415
-0.088271 353.825177
0.088271 353.825177
-0.085377 353.833737
0.085377 353.833737
-0.082483 353.842084
0.082483 353.842084
-0.079589 353.850212
0.079589 353.850212
-0.076695 353.858113
0.076695 353.858113
-0.073801 353.865780
0.073801 353.865780
-0.070907 353.873205
0.070907 353.873205
-0.068012 353.880381
0.068012 353.880381
-0.065118 353.887303
0.065118 353.887303
-0.062224 353.893963
0.062224 353.893963
-0.059330 353.900355
0.059330 353.900355
-0.056436 353.906474
0.056436 353.906474
-0.053542 353.912314
0.053542 353.912314
-0.050648 353.917869
0.050648 353.917869
-0.047753 353.923134
0.047753 353.923134
-0.044859 353.928105
0.044859 353.928105
-0.041965 353.932776
0.041965 353.932776
-0.039071 353.937144
0.039071 353.937144
-0.036177 353.941205
0.036177 353.941205
-0.033283 353.944955
0.033283 353.944955
-0.030389 353.948390
0.030389 353.948390
-0.027494 353.951508
0.027494 353.951508
-0.024600 353.954305
0.024600 353.954305
-0.021706 353.956779
0.021706 353.956779
-0.018812 353.958928
0.018812 353.958928
-0.015918 353.960749
0.015918 353.960749
-0.013024 353.962242
0.013024 353.962242
-0.010130 353.963404
0.010130 353.963404
-0.007235 353.964235
0.007235 353.964235
-0.004341 353.964734
0.004341 353.964734
-0.001447 353.964900
